"ID";"Tagnr";"Dato";"Klokke";"Status";"Plottsikkerhet";"Årstall";"Lokalitet";"Art";"Kjønn";"Alder";"Vekt";"Bryst";"Ving 1";"Ving 2";"Dødsårsak";"X-koordinat";"Y-koordinat";"Kondisjon";"Høyde_stripe_kam";"Lengde_stripe_kam";"Frekvens";"organismID";"occurrenceID"
3248;"4219643";18.3.2012 00.00.00;30.12.1899 13.12.34;5;3;2012,00;44,00;"F";1,00;2,00;580,00;74,00;210,00;209,00;2,00;452888,00;7141473,00;27,68;7,50;30,70;152007;"c418520d-2421-11e7-a02d-c1c81e3148db";"c4cd7bfb-2421-11e7-a02d-c1c81e3148db"
3249;"4271258";18.3.2012 00.00.00;30.12.1899 14.00.22;1;3;2012,00;44,00;"F";1,00;2,00;550,00;72,00;200,00;202,00;3,00;457523,00;7140129,00;27,36;5,40;32,30;152024;"c418520e-2421-11e7-a02d-c1c81e3148db";"c4cda328-2421-11e7-a02d-c1c81e3148db"
3250;"4219645";18.3.2012 00.00.00;30.12.1899 13.54.40;1;3;2012,00;44,00;"F";1,00;2,00;505,00;70,00;197,00;197,00;;454748,00;7139280,00;25,63;7,60;32,20;152040;"c418793a-2421-11e7-a02d-c1c81e3148db";"c4cda329-2421-11e7-a02d-c1c81e3148db"
3251;"4271295";18.3.2012 00.00.00;30.12.1899 13.04.13;1;3;2012,00;44,00;"F";1,00;2,00;575,00;73,00;204,00;205,00;3,00;447532,00;7142941,00;28,11;7,10;32,00;152109;"c418793b-2421-11e7-a02d-c1c81e3148db";"c4cdca4c-2421-11e7-a02d-c1c81e3148db"
3252;"4271273";18.3.2012 00.00.00;30.12.1899 14.14.56;1;3;2012,00;44,00;"F";2,00;1,00;525,00;72,00;190,00;189,00;3,00;454383,00;7143689,00;27,70;;;152141;"c418793c-2421-11e7-a02d-c1c81e3148db";"c4cdca4d-2421-11e7-a02d-c1c81e3148db"
3253;"4271265";18.3.2012 00.00.00;30.12.1899 13.22.28;1;3;2012,00;44,00;"F";1,00;1,00;575,00;73,00;204,00;205,00;3,00;453125,00;7142119,00;28,11;8,50;31,20;152149;"c418a05e-2421-11e7-a02d-c1c81e3148db";"c4cdca4e-2421-11e7-a02d-c1c81e3148db"
3254;"4271261";18.3.2012 00.00.00;30.12.1899 13.18.55;1;3;2012,00;44,00;"F";2,00;2,00;455,00;72,00;197,00;197,00;;451840,00;7141962,00;23,09;;;152190;"c418a05f-2421-11e7-a02d-c1c81e3148db";"c4cdf170-2421-11e7-a02d-c1c81e3148db"
3255;"4271284";18.3.2012 00.00.00;30.12.1899 13.28.07;1;3;2012,00;44,00;"F";1,00;2,00;615,00;79,00;;;1,00;453808,00;7138781,00;;7,80;32,20;152229;"c418a060-2421-11e7-a02d-c1c81e3148db";"c4cdf171-2421-11e7-a02d-c1c81e3148db"
3256;"4271271";18.3.2012 00.00.00;30.12.1899 12.54.04;1;3;2012,00;44,00;"F";1,00;2,00;570,00;76,00;205,00;204,00;1,00;453814,00;7143744,00;27,87;7,20;31,10;152238;"c418c7a0-2421-11e7-a02d-c1c81e3148db";"c4cdf172-2421-11e7-a02d-c1c81e3148db"
3257;"4271270";18.3.2012 00.00.00;30.12.1899 14.41.29;1;3;2012,00;44,00;"F";2,00;2,00;605,00;75,00;;195,00;;449415,00;7143840,00;31,02;;;152248;"c418c7a1-2421-11e7-a02d-c1c81e3148db";"c4ce189e-2421-11e7-a02d-c1c81e3148db"
3258;"4271268";18.3.2012 00.00.00;30.12.1899 13.42.42;1;3;2012,00;44,00;"F";1,00;2,00;540,00;76,00;204,00;204,00;;449233,00;7140568,00;26,47;6,70;29,20;152259;"c418eec4-2421-11e7-a02d-c1c81e3148db";"c4ce189f-2421-11e7-a02d-c1c81e3148db"
3259;"4271259";18.3.2012 00.00.00;30.12.1899 12.08.07;1;3;2012,00;44,00;"F";2,00;2,00;500,00;69,00;191,00;192,00;3,00;455653,00;7142306,00;26,10;;;152301;"c418eec5-2421-11e7-a02d-c1c81e3148db";"c4ce18a0-2421-11e7-a02d-c1c81e3148db"
3260;"4271260";18.3.2012 00.00.00;30.12.1899 11.45.09;1;3;2012,00;44,00;"F";2,00;1,00;505,00;72,00;193,00;193,00;;452316,00;7142377,00;26,16;;;152350;"c418eec6-2421-11e7-a02d-c1c81e3148db";"c4ce3fcc-2421-11e7-a02d-c1c81e3148db"
3261;"4271262";18.3.2012 00.00.00;30.12.1899 11.54.19;3;1;2012,00;44,00;"F";2,00;2,00;485,00;69,00;196,00;199,00;2,00;452748,00;7142453,00;24,55;;;152370;"c41915f2-2421-11e7-a02d-c1c81e3148db";"c4ce3fcd-2421-11e7-a02d-c1c81e3148db"
3262;"4271272";18.3.2012 00.00.00;30.12.1899 13.25.45;1;3;2012,00;44,00;"F";2,00;2,00;510,00;71,00;193,00;193,00;3,00;452274,00;7140442,00;26,42;;;152381;"c41915f3-2421-11e7-a02d-c1c81e3148db";"c4ce3fce-2421-11e7-a02d-c1c81e3148db"
3263;"4271279";18.3.2012 00.00.00;30.12.1899 12.11.06;1;3;2012,00;44,00;"F";1,00;2,00;545,00;76,00;206,00;206,00;;455781,00;7139709,00;26,45;4,10;27,40;152400;"c41915f4-2421-11e7-a02d-c1c81e3148db";"c4ce66f0-2421-11e7-a02d-c1c81e3148db"
3264;"4271288";18.3.2012 00.00.00;30.12.1899 12.45.52;1;3;2012,00;44,00;"F";1,00;2,00;560,00;71,00;203,00;206,00;;451498,00;7143223,00;27,38;6,50;30,10;152419;"c4193d20-2421-11e7-a02d-c1c81e3148db";"c4ce66f1-2421-11e7-a02d-c1c81e3148db"
3265;"4271254";18.3.2012 00.00.00;30.12.1899 13.40.51;1;3;2012,00;44,00;"F";1,00;2,00;520,00;70,00;204,00;204,00;;450711,00;7139897,00;25,49;7,30;26,50;152431;"c4193d21-2421-11e7-a02d-c1c81e3148db";"c4ce66f2-2421-11e7-a02d-c1c81e3148db"
3266;"4271253";18.3.2012 00.00.00;30.12.1899 12.47.37;1;3;2012,00;44,00;"F";1,00;2,00;545,00;72,00;199,00;201,00;2,00;451395,00;7142492,00;27,25;4,60;27,30;152460;"c4193d22-2421-11e7-a02d-c1c81e3148db";"c4ce8e1e-2421-11e7-a02d-c1c81e3148db"
3267;"4271257";18.3.2012 00.00.00;30.12.1899 11.35.58;3;1;2012,00;44,00;"F";2,00;2,00;530,00;74,00;201,00;201,00;2,00;449010,00;7146089,00;26,36;;;152479;"c4196444-2421-11e7-a02d-c1c81e3148db";"c4ce8e1f-2421-11e7-a02d-c1c81e3148db"
3268;"4271294";18.3.2012 00.00.00;30.12.1899 12.16.26;1;3;2012,00;44,00;"F";1,00;2,00;510,00;73,00;210,00;211,00;;454292,00;7141679,00;24,22;6,40;30,90;152502;"c4196445-2421-11e7-a02d-c1c81e3148db";"c4ceb600-2421-11e7-a02d-c1c81e3148db"
3269;"4271293";18.3.2012 00.00.00;30.12.1899 11.23.48;3;1;2012,00;44,00;"F";2,00;2,00;535,00;68,00;201,00;201,00;2,00;451878,00;7143991,00;26,61;;;152520;"c4196446-2421-11e7-a02d-c1c81e3148db";"c4ceb601-2421-11e7-a02d-c1c81e3148db"
3270;"4271297";18.3.2012 00.00.00;30.12.1899 14.21.29;1;3;2012,00;44,00;"F";2,00;2,00;480,00;68,00;192,00;193,00;;457085,00;7143508,00;24,93;;;152528;"c4198b72-2421-11e7-a02d-c1c81e3148db";"c4ceb602-2421-11e7-a02d-c1c81e3148db"
3271;"4271299";18.3.2012 00.00.00;30.12.1899 11.38.58;3;1;2012,00;44,00;"F";1,00;2,00;530,00;74,00;199,00;200,00;2,00;451715,00;7143460,00;26,56;8,20;27,70;152540;"c4198b73-2421-11e7-a02d-c1c81e3148db";"c4cedc70-2421-11e7-a02d-c1c81e3148db"
3272;"4271292";18.3.2012 00.00.00;30.12.1899 12.31.55;1;3;2012,00;44,00;"F";1,00;2,00;575,00;71,00;200,00;203,00;;448574,00;7142579,00;28,53;5,10;29,10;152580;"c4198b74-2421-11e7-a02d-c1c81e3148db";"c4cedc71-2421-11e7-a02d-c1c81e3148db"
3273;"4271204";18.3.2012 00.00.00;30.12.1899 11.56.21;1;3;2012,00;44,00;"F";2,00;2,00;480,00;67,00;192,00;192,00;;453200,00;7143574,00;25,00;;;152601;"c419b296-2421-11e7-a02d-c1c81e3148db";"c4cedc72-2421-11e7-a02d-c1c81e3148db"
3274;"4271215";18.3.2012 00.00.00;30.12.1899 11.42.29;1;3;2012,00;44,00;"F";2,00;1,00;535,00;72,00;191,00;191,00;;454217,00;7144421,00;28,01;;;152620;"c419b297-2421-11e7-a02d-c1c81e3148db";"c4cf039e-2421-11e7-a02d-c1c81e3148db"
3275;"4271296";18.3.2012 00.00.00;30.12.1899 11.57.23;1;3;2012,00;44,00;"F";2,00;2,00;500,00;68,00;195,00;195,00;3,00;453476,00;7143026,00;25,64;;;152661;"c419b298-2421-11e7-a02d-c1c81e3148db";"c4cf039f-2421-11e7-a02d-c1c81e3148db"
3276;"4271205";18.3.2012 00.00.00;30.12.1899 12.32.59;1;3;2012,00;44,00;"F";1,00;2,00;505,00;69,00;202,00;202,00;;449608,00;7142794,00;25,00;8,80;30,10;152721;"c419d9c4-2421-11e7-a02d-c1c81e3148db";"c4cf03a0-2421-11e7-a02d-c1c81e3148db"
3277;"4271203";18.3.2012 00.00.00;30.12.1899 12.28.35;1;3;2012,00;44,00;"F";1,00;2,00;570,00;74,00;202,00;203,00;2,00;452623,00;7142853,00;28,14;7,00;27,70;152741;"c419d9c5-2421-11e7-a02d-c1c81e3148db";"c4cf2acc-2421-11e7-a02d-c1c81e3148db"
3278;"4271298";18.3.2012 00.00.00;30.12.1899 12.49.17;1;3;2012,00;44,00;"F";2,00;2,00;520,00;71,00;202,00;202,00;3,00;450665,00;7143411,00;25,74;;;152760;"c419d9c6-2421-11e7-a02d-c1c81e3148db";"c4cf2acd-2421-11e7-a02d-c1c81e3148db"
3279;"4271216";18.3.2012 00.00.00;30.12.1899 14.01.30;1;3;2012,00;44,00;"F";2,00;2,00;515,00;67,00;187,00;189,00;;456858,00;7140969,00;27,39;;;152780;"c41a00f2-2421-11e7-a02d-c1c81e3148db";"c4cf2ace-2421-11e7-a02d-c1c81e3148db"
3280;"4271286";18.3.2012 00.00.00;30.12.1899 14.10.14;1;3;2012,00;44,00;"F";2,00;1,00;515,00;69,00;;190,00;3,00;457262,00;7142686,00;27,10;;;152861;"c41a00f3-2421-11e7-a02d-c1c81e3148db";"c4cf51f0-2421-11e7-a02d-c1c81e3148db"
3281;"4271281";18.3.2012 00.00.00;30.12.1899 13.15.40;1;3;2012,00;44,00;"F";2,00;2,00;490,00;71,00;196,00;200,00;3,00;451307,00;7142800,00;24,74;;;152879;"c41a00f4-2421-11e7-a02d-c1c81e3148db";"c4cf51f1-2421-11e7-a02d-c1c81e3148db"
3282;"4271283";18.3.2012 00.00.00;30.12.1899 12.04.14;1;3;2012,00;44,00;"F";1,00;1,00;475,00;75,00;205,00;204,00;;452657,00;7141744,00;23,22;7,70;33,80;152915;"c41a2820-2421-11e7-a02d-c1c81e3148db";"c4cf51f2-2421-11e7-a02d-c1c81e3148db"
3283;"4271214";18.3.2012 00.00.00;30.12.1899 12.50.47;5;3;2012,00;44,00;"F";2,00;2,00;480,00;69,00;191,00;190,00;3,00;451391,00;7144318,00;25,19;;;152921;"c41a2821-2421-11e7-a02d-c1c81e3148db";"c4cf791e-2421-11e7-a02d-c1c81e3148db"
3284;"4271202";18.3.2012 00.00.00;30.12.1899 12.57.31;1;3;2012,00;44,00;"F";1,00;2,00;610,00;80,00;206,00;206,00;;449642,00;7143699,00;29,61;4,30;27,90;152938;"c41a2822-2421-11e7-a02d-c1c81e3148db";"c4cf791f-2421-11e7-a02d-c1c81e3148db"
3285;"4271290";18.3.2012 00.00.00;30.12.1899 13.31.38;1;3;2012,00;44,00;"F";2,00;2,00;520,00;73,00;198,00;196,00;3,00;452943,00;7138675,00;26,39;;;152950;"c41a4f44-2421-11e7-a02d-c1c81e3148db";"c4cf7920-2421-11e7-a02d-c1c81e3148db"
3286;"4271277";18.3.2012 00.00.00;30.12.1899 12.26.19;1;3;2012,00;44,00;"F";1,00;2,00;535,00;76,00;194,00;195,00;2,00;452041,00;7142057,00;27,50;5,40;28,70;152965;"c41a4f45-2421-11e7-a02d-c1c81e3148db";"c4cfa04c-2421-11e7-a02d-c1c81e3148db"
3287;"4271291";18.3.2012 00.00.00;30.12.1899 12.38.23;1;3;2012,00;44,00;"F";2,00;1,00;465,00;70,00;192,00;193,00;;448462,00;7143170,00;24,15;;;152970;"c41a4f46-2421-11e7-a02d-c1c81e3148db";"c4cfa04d-2421-11e7-a02d-c1c81e3148db"
3288;"4271203";2.4.2012 00.00.00;;3;1;2012,00;44,00;"F";1,00;2,00;570,00;74,00;202,00;203,00;2,00;453241,00;7140839,00;28,14;7,00;27,70;152741;"c419d9c5-2421-11e7-a02d-c1c81e3148db";"c4cfa04e-2421-11e7-a02d-c1c81e3148db"
3289;"4219643";14.2.2012 00.00.00;30.12.1899 20.45.50;2;1;2012,00;44,00;"F";1,00;2,00;580,00;74,00;210,00;209,00;2,00;454649,00;7141360,00;27,68;7,50;30,70;152007;"c418520d-2421-11e7-a02d-c1c81e3148db";"c4cfc770-2421-11e7-a02d-c1c81e3148db"
3290;"4219645";14.2.2012 00.00.00;30.12.1899 23.19.53;2;1;2012,00;44,00;"F";1,00;2,00;505,00;70,00;197,00;197,00;;456022,00;7141790,00;25,63;7,60;32,20;152040;"c418793a-2421-11e7-a02d-c1c81e3148db";"c4cfc771-2421-11e7-a02d-c1c81e3148db"
3291;"4271202";19.2.2012 00.00.00;30.12.1899 22.03.02;2;1;2012,00;44,00;"F";1,00;2,00;610,00;80,00;206,00;206,00;;451233,00;7144270,00;29,61;4,30;27,90;152938;"c41a2822-2421-11e7-a02d-c1c81e3148db";"c4cfc772-2421-11e7-a02d-c1c81e3148db"
3292;"4271203";18.2.2012 00.00.00;30.12.1899 23.22.55;2;1;2012,00;44,00;"F";1,00;2,00;570,00;74,00;202,00;203,00;2,00;446817,00;7143763,00;28,14;7,00;27,70;152741;"c419d9c5-2421-11e7-a02d-c1c81e3148db";"c4cfef16-2421-11e7-a02d-c1c81e3148db"
3293;"4271204";20.2.2012 00.00.00;30.12.1899 00.11.35;2;1;2012,00;44,00;"F";2,00;2,00;480,00;67,00;192,00;192,00;;452474,00;7143982,00;25,00;;;152601;"c419b296-2421-11e7-a02d-c1c81e3148db";"c4cfef17-2421-11e7-a02d-c1c81e3148db"
3294;"4271205";19.2.2012 00.00.00;30.12.1899 22.07.33;2;1;2012,00;44,00;"F";1,00;2,00;505,00;69,00;202,00;202,00;;451211,00;7144067,00;25,00;8,80;30,10;152721;"c419d9c4-2421-11e7-a02d-c1c81e3148db";"c4d015e0-2421-11e7-a02d-c1c81e3148db"
3295;"4271207";20.2.2012 00.00.00;30.12.1899 01.52.19;2;1;2012,00;44,00;"F";2,00;2,00;530,00;74,00;200,00;201,00;1,00;452766,00;7143691,00;26,43;;;152839;"c41a767c-2421-11e7-a02d-c1c81e3148db";"c4d015e1-2421-11e7-a02d-c1c81e3148db"
3296;"4271209";21.2.2012 00.00.00;30.12.1899 23.05.09;2;1;2012,00;44,00;"F";1,00;1,00;550,00;78,00;;198,00;;452115,00;7143456,00;27,77;6,70;32,00;152031;"c41a767d-2421-11e7-a02d-c1c81e3148db";"c4d015e2-2421-11e7-a02d-c1c81e3148db"
3297;"4271211";21.2.2012 00.00.00;30.12.1899 22.13.57;2;1;2012,00;44,00;"F";2,00;1,00;530,00;68,00;191,00;190,00;5,00;451949,00;7142995,00;27,82;;;152903;"c41a767e-2421-11e7-a02d-c1c81e3148db";"c4d03e58-2421-11e7-a02d-c1c81e3148db"
3298;"4271213";21.2.2012 00.00.00;30.12.1899 23.59.04;2;1;2012,00;44,00;"F";2,00;2,00;495,00;67,00;193,00;196,00;2,00;454491,00;7142493,00;25,44;;;152818;"c41a9da0-2421-11e7-a02d-c1c81e3148db";"c4d03e59-2421-11e7-a02d-c1c81e3148db"
3299;"4271214";21.2.2012 00.00.00;30.12.1899 23.11.29;2;1;2012,00;44,00;"F";2,00;2,00;480,00;69,00;191,00;190,00;3,00;452680,00;7143661,00;25,19;;;152921;"c41a2821-2421-11e7-a02d-c1c81e3148db";"c4d03e5a-2421-11e7-a02d-c1c81e3148db"
3300;"4271215";22.2.2012 00.00.00;30.12.1899 00.14.44;2;1;2012,00;44,00;"F";2,00;1,00;535,00;72,00;191,00;191,00;;455018,00;7142730,00;28,01;;;152620;"c419b297-2421-11e7-a02d-c1c81e3148db";"c4d06554-2421-11e7-a02d-c1c81e3148db"
3301;"4271216";22.2.2012 00.00.00;30.12.1899 00.10.09;2;1;2012,00;44,00;"F";2,00;2,00;515,00;67,00;187,00;189,00;;455040,00;7142609,00;27,39;;;152780;"c41a00f2-2421-11e7-a02d-c1c81e3148db";"c4d06555-2421-11e7-a02d-c1c81e3148db"
3302;"4271253";15.2.2012 00.00.00;30.12.1899 02.32.52;2;1;2012,00;44,00;"F";1,00;2,00;545,00;72,00;199,00;201,00;2,00;454250,00;7142768,00;27,25;4,60;27,30;152460;"c4193d22-2421-11e7-a02d-c1c81e3148db";"c4d08b56-2421-11e7-a02d-c1c81e3148db"
3303;"4271254";15.2.2012 00.00.00;30.12.1899 21.58.36;2;1;2012,00;44,00;"F";1,00;2,00;520,00;70,00;204,00;204,00;;453886,00;7143421,00;25,49;7,30;26,50;152431;"c4193d21-2421-11e7-a02d-c1c81e3148db";"c4d08b57-2421-11e7-a02d-c1c81e3148db"
3304;"4271255";16.2.2012 00.00.00;30.12.1899 00.34.47;2;1;2012,00;44,00;"F";1,00;2,00;425,00;66,00;190,00;189,00;;452759,00;7142387,00;22,42;6,40;23,10;152311;"c41a9da1-2421-11e7-a02d-c1c81e3148db";"c4d08b58-2421-11e7-a02d-c1c81e3148db"
3305;"4271256";16.2.2012 00.00.00;30.12.1899 01.00.26;2;1;2012,00;44,00;"F";1,00;2,00;495,00;73,00;201,00;201,00;1,00;452739,00;7142462,00;24,62;5,60;30,40;152440;"c41a9da2-2421-11e7-a02d-c1c81e3148db";"c4d0b3a6-2421-11e7-a02d-c1c81e3148db"
3306;"4271257";16.2.2012 00.00.00;30.12.1899 01.46.42;2;1;2012,00;44,00;"F";2,00;2,00;530,00;74,00;201,00;201,00;2,00;451897,00;7142502,00;26,36;;;152479;"c4196444-2421-11e7-a02d-c1c81e3148db";"c4d0b3a7-2421-11e7-a02d-c1c81e3148db"
3307;"4271258";16.2.2012 00.00.00;30.12.1899 00.18.24;2;1;2012,00;44,00;"F";1,00;2,00;550,00;72,00;200,00;202,00;3,00;452064,00;7142716,00;27,36;5,40;32,30;152024;"c418520e-2421-11e7-a02d-c1c81e3148db";"c4d0b3a8-2421-11e7-a02d-c1c81e3148db"
3308;"4271259";16.2.2012 00.00.00;30.12.1899 02.37.39;2;1;2012,00;44,00;"F";2,00;2,00;500,00;69,00;191,00;192,00;3,00;452438,00;7143321,00;26,10;;;152301;"c418eec5-2421-11e7-a02d-c1c81e3148db";"c4d0daca-2421-11e7-a02d-c1c81e3148db"
3309;"4271260";16.2.2012 00.00.00;30.12.1899 03.20.07;2;1;2012,00;44,00;"F";2,00;1,00;505,00;72,00;193,00;193,00;;451981,00;7142769,00;26,16;;;152350;"c418eec6-2421-11e7-a02d-c1c81e3148db";"c4d0dacb-2421-11e7-a02d-c1c81e3148db"
3310;"4271261";16.2.2012 00.00.00;30.12.1899 03.50.00;2;1;2012,00;44,00;"F";2,00;2,00;455,00;72,00;197,00;197,00;;451972,00;7143344,00;23,09;;;152190;"c418a05f-2421-11e7-a02d-c1c81e3148db";"c4d101f8-2421-11e7-a02d-c1c81e3148db"
3311;"4271262";16.2.2012 00.00.00;30.12.1899 02.02.37;2;1;2012,00;44,00;"F";2,00;2,00;485,00;69,00;196,00;199,00;2,00;452182,00;7143185,00;24,55;;;152370;"c41915f2-2421-11e7-a02d-c1c81e3148db";"c4d101f9-2421-11e7-a02d-c1c81e3148db"
3312;"4271263";16.2.2012 00.00.00;30.12.1899 02.39.40;2;1;2012,00;44,00;"F";1,00;1,00;580,00;73,00;204,00;203,00;1,00;452280,00;7143178,00;28,50;7,40;34,50;152031;"c41ac4c4-2421-11e7-a02d-c1c81e3148db";"c4d101fa-2421-11e7-a02d-c1c81e3148db"
3313;"4271265";16.2.2012 00.00.00;30.12.1899 04.05.00;2;1;2012,00;44,00;"F";1,00;1,00;575,00;73,00;204,00;205,00;3,00;451943,00;7143583,00;28,11;8,50;31,20;152149;"c418a05e-2421-11e7-a02d-c1c81e3148db";"c4d1291c-2421-11e7-a02d-c1c81e3148db"
3314;"4271266";16.2.2012 00.00.00;30.12.1899 03.50.58;2;1;2012,00;44,00;"F";1,00;1,00;540,00;74,00;198,00;198,00;1,00;451446,00;7143964,00;27,27;6,40;33,50;152201;"c41ac4c5-2421-11e7-a02d-c1c81e3148db";"c4d1291d-2421-11e7-a02d-c1c81e3148db"
3315;"4271268";17.2.2012 00.00.00;30.12.1899 00.44.22;2;1;2012,00;44,00;"F";1,00;2,00;540,00;76,00;204,00;204,00;;452457,00;7144085,00;26,47;6,70;29,20;152259;"c418eec4-2421-11e7-a02d-c1c81e3148db";"c4d1291e-2421-11e7-a02d-c1c81e3148db"
3316;"4271270";17.2.2012 00.00.00;30.12.1899 02.54.40;2;1;2012,00;44,00;"F";2,00;2,00;605,00;75,00;;195,00;;452124,00;7141849,00;31,02;;;152248;"c418c7a1-2421-11e7-a02d-c1c81e3148db";"c4d14f28-2421-11e7-a02d-c1c81e3148db"
3317;"4271271";17.2.2012 00.00.00;30.12.1899 03.00.32;2;1;2012,00;44,00;"F";1,00;2,00;570,00;76,00;205,00;204,00;1,00;452307,00;7142470,00;27,87;7,20;31,10;152238;"c418c7a0-2421-11e7-a02d-c1c81e3148db";"c4d14f29-2421-11e7-a02d-c1c81e3148db"
3318;"4271272";16.2.2012 00.00.00;30.12.1899 21.51.12;2;1;2012,00;44,00;"F";2,00;2,00;510,00;71,00;193,00;193,00;3,00;452198,00;7143735,00;26,42;;;152381;"c41915f3-2421-11e7-a02d-c1c81e3148db";"c4d14f2a-2421-11e7-a02d-c1c81e3148db"
3319;"4271273";16.2.2012 00.00.00;30.12.1899 22.20.09;2;1;2012,00;44,00;"F";2,00;1,00;525,00;72,00;190,00;189,00;3,00;451964,00;7143607,00;27,70;;;152141;"c418793c-2421-11e7-a02d-c1c81e3148db";"c4d17782-2421-11e7-a02d-c1c81e3148db"
3320;"4271274";16.2.2012 00.00.00;30.12.1899 23.54.15;2;1;2012,00;44,00;"F";1,00;2,00;550,00;74,00;207,00;204,00;3,00;452462,00;7142752,00;26,76;3,30;30,10;152070;"c41ac4c6-2421-11e7-a02d-c1c81e3148db";"c4d17783-2421-11e7-a02d-c1c81e3148db"
3321;"4271277";17.2.2012 00.00.00;30.12.1899 23.45.31;2;1;2012,00;44,00;"F";1,00;2,00;535,00;76,00;194,00;195,00;2,00;455103,00;7142717,00;27,50;5,40;28,70;152965;"c41a4f45-2421-11e7-a02d-c1c81e3148db";"c4d17784-2421-11e7-a02d-c1c81e3148db"
3322;"4271278";17.2.2012 00.00.00;30.12.1899 21.55.50;2;1;2012,00;44,00;"F";2,00;2,00;515,00;73,00;194,00;;;452982,00;7142481,00;26,54;;;152852;"c41aebf2-2421-11e7-a02d-c1c81e3148db";"c4d19ea6-2421-11e7-a02d-c1c81e3148db"
3323;"4271279";17.2.2012 00.00.00;30.12.1899 03.00.32;2;1;2012,00;44,00;"F";1,00;2,00;545,00;76,00;206,00;206,00;;452307,00;7142470,00;26,45;4,10;27,40;152400;"c41915f4-2421-11e7-a02d-c1c81e3148db";"c4d19ea7-2421-11e7-a02d-c1c81e3148db"
3324;"4271281";17.2.2012 00.00.00;30.12.1899 23.48.42;2;1;2012,00;44,00;"F";2,00;2,00;490,00;71,00;196,00;200,00;3,00;455363,00;7142487,00;24,74;;;152879;"c41a00f4-2421-11e7-a02d-c1c81e3148db";"c4d1c4b2-2421-11e7-a02d-c1c81e3148db"
3325;"4271283";18.2.2012 00.00.00;30.12.1899 00.39.45;2;1;2012,00;44,00;"F";1,00;1,00;475,00;75,00;205,00;204,00;;455205,00;7142956,00;23,22;7,70;33,80;152915;"c41a2820-2421-11e7-a02d-c1c81e3148db";"c4d1c4b3-2421-11e7-a02d-c1c81e3148db"
3326;"4271284";17.2.2012 00.00.00;30.12.1899 23.15.17;2;1;2012,00;44,00;"F";1,00;2,00;615,00;79,00;;;1,00;454955,00;7142461,00;;7,80;32,20;152229;"c418a060-2421-11e7-a02d-c1c81e3148db";"c4d1c4b4-2421-11e7-a02d-c1c81e3148db"
3327;"4271285";18.2.2012 00.00.00;30.12.1899 01.09.58;2;1;2012,00;44,00;"F";2,00;2,00;505,00;72,00;199,00;198,00;1,00;455083,00;7142447,00;25,44;;;152210;"c41aebf3-2421-11e7-a02d-c1c81e3148db";"c4d1ed0c-2421-11e7-a02d-c1c81e3148db"
3328;"4271286";17.2.2012 00.00.00;30.12.1899 22.59.13;2;1;2012,00;44,00;"F";2,00;1,00;515,00;69,00;;190,00;3,00;454794,00;7142498,00;27,10;;;152861;"c41a00f3-2421-11e7-a02d-c1c81e3148db";"c4d1ed0d-2421-11e7-a02d-c1c81e3148db"
3329;"4271288";18.2.2012 00.00.00;30.12.1899 03.34.53;2;1;2012,00;44,00;"F";1,00;2,00;560,00;71,00;203,00;206,00;;451768,00;7143541,00;27,38;6,50;30,10;152419;"c4193d20-2421-11e7-a02d-c1c81e3148db";"c4d1ed0e-2421-11e7-a02d-c1c81e3148db"
3330;"4271290";18.2.2012 00.00.00;30.12.1899 03.48.01;2;1;2012,00;44,00;"F";2,00;2,00;520,00;73,00;198,00;196,00;3,00;451594,00;7143931,00;26,39;;;152950;"c41a4f44-2421-11e7-a02d-c1c81e3148db";"c4d21426-2421-11e7-a02d-c1c81e3148db"
3331;"4271291";18.2.2012 00.00.00;30.12.1899 03.40.00;2;1;2012,00;44,00;"F";2,00;1,00;465,00;70,00;192,00;193,00;;451809,00;7143879,00;24,15;;;152970;"c41a4f46-2421-11e7-a02d-c1c81e3148db";"c4d21427-2421-11e7-a02d-c1c81e3148db"
3332;"4271292";18.2.2012 00.00.00;30.12.1899 23.32.16;2;1;2012,00;44,00;"F";1,00;2,00;575,00;71,00;200,00;203,00;;446570,00;7143483,00;28,53;5,10;29,10;152580;"c4198b74-2421-11e7-a02d-c1c81e3148db";"c4d21428-2421-11e7-a02d-c1c81e3148db"
3333;"4271293";18.2.2012 00.00.00;30.12.1899 22.51.10;2;1;2012,00;44,00;"F";2,00;2,00;535,00;68,00;201,00;201,00;2,00;446485,00;7143854,00;26,61;;;152520;"c4196446-2421-11e7-a02d-c1c81e3148db";"c4d23b4a-2421-11e7-a02d-c1c81e3148db"
3334;"4271294";18.2.2012 00.00.00;30.12.1899 23.45.24;2;1;2012,00;44,00;"F";1,00;2,00;510,00;73,00;210,00;211,00;;446455,00;7143689,00;24,22;6,40;30,90;152502;"c4196445-2421-11e7-a02d-c1c81e3148db";"c4d23b4b-2421-11e7-a02d-c1c81e3148db"
3335;"4271295";18.2.2012 00.00.00;30.12.1899 23.29.17;2;1;2012,00;44,00;"F";1,00;2,00;575,00;73,00;204,00;205,00;3,00;446668,00;7143585,00;28,11;7,10;32,00;152109;"c418793b-2421-11e7-a02d-c1c81e3148db";"c4d23b4c-2421-11e7-a02d-c1c81e3148db"
3336;"4271296";18.2.2012 00.00.00;30.12.1899 23.49.28;2;1;2012,00;44,00;"F";2,00;2,00;500,00;68,00;195,00;195,00;3,00;446578,00;7143680,00;25,64;;;152661;"c419b298-2421-11e7-a02d-c1c81e3148db";"c4d26282-2421-11e7-a02d-c1c81e3148db"
3337;"4271297";18.2.2012 00.00.00;30.12.1899 23.27.59;2;1;2012,00;44,00;"F";2,00;2,00;480,00;68,00;192,00;193,00;;446736,00;7143576,00;24,93;;;152528;"c4198b72-2421-11e7-a02d-c1c81e3148db";"c4d26283-2421-11e7-a02d-c1c81e3148db"
3338;"4271298";19.2.2012 00.00.00;30.12.1899 02.26.18;2;1;2012,00;44,00;"F";2,00;2,00;520,00;71,00;202,00;202,00;3,00;446870,00;7143689,00;25,74;;;152760;"c419d9c6-2421-11e7-a02d-c1c81e3148db";"c4d2887a-2421-11e7-a02d-c1c81e3148db"
3339;"4271299";19.2.2012 00.00.00;30.12.1899 01.42.49;2;1;2012,00;44,00;"F";1,00;2,00;530,00;74,00;199,00;200,00;2,00;446389,00;7143383,00;26,56;8,20;27,70;152540;"c4198b73-2421-11e7-a02d-c1c81e3148db";"c4d2887b-2421-11e7-a02d-c1c81e3148db"
3340;"4271207";21.2.2012 00.00.00;30.12.1899 20.45.50;1;2;2012,00;44,00;"F";2,00;2,00;530,00;74,00;200,00;201,00;1,00;453761,00;7143437,00;26,43;;;152839;"c41a767c-2421-11e7-a02d-c1c81e3148db";"c4d2af9e-2421-11e7-a02d-c1c81e3148db"
3341;"4271255";21.2.2012 00.00.00;30.12.1899 20.45.50;1;2;2012,00;44,00;"F";1,00;2,00;425,00;66,00;190,00;189,00;;451561,00;7144500,00;22,42;6,40;23,10;152311;"c41a9da1-2421-11e7-a02d-c1c81e3148db";"c4d2af9f-2421-11e7-a02d-c1c81e3148db"
3342;"4271258";21.2.2012 00.00.00;30.12.1899 20.45.50;1;2;2012,00;44,00;"F";1,00;2,00;550,00;72,00;200,00;202,00;3,00;454595,00;7142998,00;27,36;5,40;32,30;152024;"c418520e-2421-11e7-a02d-c1c81e3148db";"c4d2afa0-2421-11e7-a02d-c1c81e3148db"
3343;"4271259";21.2.2012 00.00.00;30.12.1899 20.45.50;1;2;2012,00;44,00;"F";2,00;2,00;500,00;69,00;191,00;192,00;3,00;454819,00;7142015,00;26,10;;;152301;"c418eec5-2421-11e7-a02d-c1c81e3148db";"c4d2d6cc-2421-11e7-a02d-c1c81e3148db"
3344;"4271260";21.2.2012 00.00.00;30.12.1899 20.45.50;1;2;2012,00;44,00;"F";2,00;1,00;505,00;72,00;193,00;193,00;;455421,00;7141024,00;26,16;;;152350;"c418eec6-2421-11e7-a02d-c1c81e3148db";"c4d2d6cd-2421-11e7-a02d-c1c81e3148db"
3345;"4271266";21.2.2012 00.00.00;30.12.1899 20.45.50;1;2;2012,00;44,00;"F";1,00;1,00;540,00;74,00;198,00;198,00;1,00;451709,00;7144679,00;27,27;6,40;33,50;152201;"c41ac4c5-2421-11e7-a02d-c1c81e3148db";"c4d2d6ce-2421-11e7-a02d-c1c81e3148db"
3346;"4271268";21.2.2012 00.00.00;30.12.1899 20.45.50;1;2;2012,00;44,00;"F";1,00;2,00;540,00;76,00;204,00;204,00;;451451,00;7145055,00;26,47;6,70;29,20;152259;"c418eec4-2421-11e7-a02d-c1c81e3148db";"c4d2fdfa-2421-11e7-a02d-c1c81e3148db"
3347;"4271270";21.2.2012 00.00.00;30.12.1899 20.45.50;1;2;2012,00;44,00;"F";2,00;2,00;605,00;75,00;;195,00;;451396,00;7144430,00;31,02;;;152248;"c418c7a1-2421-11e7-a02d-c1c81e3148db";"c4d2fdfb-2421-11e7-a02d-c1c81e3148db"
3348;"4271272";21.2.2012 00.00.00;30.12.1899 20.45.50;1;2;2012,00;44,00;"F";2,00;2,00;510,00;71,00;193,00;193,00;3,00;452221,00;7143227,00;26,42;;;152381;"c41915f3-2421-11e7-a02d-c1c81e3148db";"c4d3251e-2421-11e7-a02d-c1c81e3148db"
3349;"4271278";21.2.2012 00.00.00;30.12.1899 20.45.50;1;2;2012,00;44,00;"F";2,00;2,00;515,00;73,00;194,00;;;456154,00;7141602,00;26,54;;;152852;"c41aebf2-2421-11e7-a02d-c1c81e3148db";"c4d3251f-2421-11e7-a02d-c1c81e3148db"
3350;"4271285";21.2.2012 00.00.00;30.12.1899 20.45.50;1;2;2012,00;44,00;"F";2,00;2,00;505,00;72,00;199,00;198,00;1,00;455036,00;7142731,00;25,44;;;152210;"c41aebf3-2421-11e7-a02d-c1c81e3148db";"c4d32520-2421-11e7-a02d-c1c81e3148db"
3351;"4271291";21.2.2012 00.00.00;30.12.1899 20.45.50;1;2;2012,00;44,00;"F";2,00;1,00;465,00;70,00;192,00;193,00;;450617,00;7145415,00;24,15;;;152970;"c41a4f46-2421-11e7-a02d-c1c81e3148db";"c4d32521-2421-11e7-a02d-c1c81e3148db"
3352;"4271296";21.2.2012 00.00.00;30.12.1899 20.45.50;1;2;2012,00;44,00;"F";2,00;2,00;500,00;68,00;195,00;195,00;3,00;448967,00;7144674,00;25,64;;;152661;"c419b298-2421-11e7-a02d-c1c81e3148db";"c4d34c4c-2421-11e7-a02d-c1c81e3148db"
3353;"4271203";2.3.2012 00.00.00;30.12.1899 18.00.00;1;2;2012,00;44,00;"F";1,00;2,00;570,00;74,00;202,00;203,00;2,00;451120,00;7144036,00;28,14;7,00;27,70;152741;"c419d9c5-2421-11e7-a02d-c1c81e3148db";"c4d34c4d-2421-11e7-a02d-c1c81e3148db"
3354;"4271291";2.3.2012 00.00.00;30.12.1899 18.00.00;1;2;2012,00;44,00;"F";2,00;1,00;465,00;70,00;192,00;193,00;;451120,00;7144036,00;24,15;;;152970;"c41a4f46-2421-11e7-a02d-c1c81e3148db";"c4d34c4e-2421-11e7-a02d-c1c81e3148db"
3355;"4271296";2.3.2012 00.00.00;30.12.1899 18.00.00;1;2;2012,00;44,00;"F";2,00;2,00;500,00;68,00;195,00;195,00;3,00;451242,00;7144275,00;25,64;;;152661;"c419b298-2421-11e7-a02d-c1c81e3148db";"c4d3737a-2421-11e7-a02d-c1c81e3148db"
3356;"4271299";2.3.2012 00.00.00;30.12.1899 18.00.00;1;2;2012,00;44,00;"F";1,00;2,00;530,00;74,00;199,00;200,00;2,00;451424,00;7144497,00;26,56;8,20;27,70;152540;"c4198b73-2421-11e7-a02d-c1c81e3148db";"c4d3737b-2421-11e7-a02d-c1c81e3148db"
3357;"4271202";2.3.2012 00.00.00;30.12.1899 18.00.00;1;2;2012,00;44,00;"F";1,00;2,00;610,00;80,00;206,00;206,00;;451529,00;7144590,00;29,61;4,30;27,90;152938;"c41a2822-2421-11e7-a02d-c1c81e3148db";"c4d39a9e-2421-11e7-a02d-c1c81e3148db"
3358;"4271211";2.3.2012 00.00.00;30.12.1899 18.00.00;4;1;2012,00;44,00;"F";2,00;1,00;530,00;68,00;191,00;190,00;5,00;452100,00;7143413,00;27,82;;;152903;"c41a767e-2421-11e7-a02d-c1c81e3148db";"c4d39a9f-2421-11e7-a02d-c1c81e3148db"
3359;"4271253";3.3.2012 00.00.00;30.12.1899 12.00.00;1;2;2012,00;44,00;"F";1,00;2,00;545,00;72,00;199,00;201,00;2,00;452117,00;7143863,00;27,25;4,60;27,30;152460;"c4193d22-2421-11e7-a02d-c1c81e3148db";"c4d39aa0-2421-11e7-a02d-c1c81e3148db"
3360;"4271254";3.3.2012 00.00.00;30.12.1899 12.00.00;1;2;2012,00;44,00;"F";1,00;2,00;520,00;70,00;204,00;204,00;;451963,00;7143775,00;25,49;7,30;26,50;152431;"c4193d21-2421-11e7-a02d-c1c81e3148db";"c4d3c1cc-2421-11e7-a02d-c1c81e3148db"
3361;"4271260";3.3.2012 00.00.00;30.12.1899 12.00.00;1;2;2012,00;44,00;"F";2,00;1,00;505,00;72,00;193,00;193,00;;451852,00;7142736,00;26,16;;;152350;"c418eec6-2421-11e7-a02d-c1c81e3148db";"c4d3c1cd-2421-11e7-a02d-c1c81e3148db"
3362;"4271277";3.3.2012 00.00.00;30.12.1899 12.00.00;1;2;2012,00;44,00;"F";1,00;2,00;535,00;76,00;194,00;195,00;2,00;452058,00;7142322,00;27,50;5,40;28,70;152965;"c41a4f45-2421-11e7-a02d-c1c81e3148db";"c4d3c1ce-2421-11e7-a02d-c1c81e3148db"
3363;"4271297";3.3.2012 00.00.00;30.12.1899 12.00.00;1;2;2012,00;44,00;"F";2,00;2,00;480,00;68,00;192,00;193,00;;451609,00;7142644,00;24,93;;;152528;"c4198b72-2421-11e7-a02d-c1c81e3148db";"c4d3e8f0-2421-11e7-a02d-c1c81e3148db"
3364;"4271213";3.3.2012 00.00.00;30.12.1899 12.00.00;3;1;2012,00;44,00;"F";2,00;2,00;495,00;67,00;193,00;196,00;2,00;454503,00;7142472,00;25,44;;;152818;"c41a9da0-2421-11e7-a02d-c1c81e3148db";"c4d3e8f1-2421-11e7-a02d-c1c81e3148db"
3365;"4271285";27.2.2012 00.00.00;30.12.1899 12.00.00;0;1;2012,00;44,00;"F";2,00;2,00;505,00;72,00;199,00;198,00;1,00;452489,00;7143106,00;25,44;;;152210;"c41aebf3-2421-11e7-a02d-c1c81e3148db";"c4d3e8f2-2421-11e7-a02d-c1c81e3148db"
3366;"4271266";27.2.2012 00.00.00;30.12.1899 12.00.00;0;1;2012,00;44,00;"F";1,00;1,00;540,00;74,00;198,00;198,00;1,00;451730,00;7144009,00;27,27;6,40;33,50;152201;"c41ac4c5-2421-11e7-a02d-c1c81e3148db";"c4d4101e-2421-11e7-a02d-c1c81e3148db"
3367;"4271263";19.2.2012 00.00.00;30.12.1899 12.00.00;0;1;2012,00;44,00;"F";1,00;1,00;580,00;73,00;204,00;203,00;1,00;451268,00;7143863,00;28,50;7,40;34,50;152031;"c41ac4c4-2421-11e7-a02d-c1c81e3148db";"c4d4101f-2421-11e7-a02d-c1c81e3148db"
3368;"4271256";26.2.2012 00.00.00;30.12.1899 12.00.00;0;1;2012,00;44,00;"F";1,00;2,00;495,00;73,00;201,00;201,00;1,00;452986,00;7142485,00;24,62;5,60;30,40;152440;"c41a9da2-2421-11e7-a02d-c1c81e3148db";"c4d41020-2421-11e7-a02d-c1c81e3148db"
3369;"4271207";25.2.2012 00.00.00;30.12.1899 12.00.00;0;1;2012,00;44,00;"F";2,00;2,00;530,00;74,00;200,00;201,00;1,00;451750,00;7144454,00;26,43;;;152839;"c41a767c-2421-11e7-a02d-c1c81e3148db";"c4d4374c-2421-11e7-a02d-c1c81e3148db"
3370;"4271217";21.3.2012 00.00.00;30.12.1899 03.23.00;2;1;2012,00;44,00;"F";1,00;2,00;550,00;78,00;206,00;205,00;;451417,00;7144347,00;26,76;10,00;35,00;152258;"c41aebf4-2421-11e7-a02d-c1c81e3148db";"c4d44af2-2421-11e7-a02d-c1c81e3148db"
3371;"4271218";20.3.2012 00.00.00;30.12.1899 23.50.00;2;1;2012,00;44,00;"F";2,00;2,00;500,00;71,00;199,00;198,00;2,00;451914,00;7143381,00;25,18;;;152839;"c41b1320-2421-11e7-a02d-c1c81e3148db";"c4d45e8e-2421-11e7-a02d-c1c81e3148db"
3372;"4271219";21.3.2012 00.00.00;30.12.1899 01.18.00;2;1;2012,00;44,00;"F";2,00;2,00;450,00;74,00;194,00;190,00;;451600,00;7143540,00;23,43;;;152210;"c41b1321-2421-11e7-a02d-c1c81e3148db";"c4d45e8f-2421-11e7-a02d-c1c81e3148db"
3373;"4271224";21.3.2012 00.00.00;30.12.1899 02.20.00;2;1;2012,00;44,00;"F";1,00;1,00;525,00;78,00;197,00;203,00;3,00;452839,00;7142595,00;26,25;5,00;31,00;152139;"c41b1322-2421-11e7-a02d-c1c81e3148db";"c4d47220-2421-11e7-a02d-c1c81e3148db"
3374;"4271257";17.2.2012 00.00.00;30.12.1899 16.00.00;1;4;2012,00;44,00;"F";2,00;2,00;530,00;74,00;201,00;201,00;2,00;452056,00;7143993,00;26,36;;;152479;"c4196444-2421-11e7-a02d-c1c81e3148db";"c4d485b2-2421-11e7-a02d-c1c81e3148db"
3375;"4271260";16.2.2012 00.00.00;30.12.1899 17.00.00;1;4;2012,00;44,00;"F";2,00;1,00;505,00;72,00;193,00;193,00;;452056,00;7143993,00;26,16;;;152350;"c418eec6-2421-11e7-a02d-c1c81e3148db";"c4d485b3-2421-11e7-a02d-c1c81e3148db"
3376;"4271261";16.2.2012 00.00.00;30.12.1899 17.00.00;1;4;2012,00;44,00;"F";2,00;2,00;455,00;72,00;197,00;197,00;;452056,00;7143993,00;23,09;;;152190;"c418a05f-2421-11e7-a02d-c1c81e3148db";"c4d4994e-2421-11e7-a02d-c1c81e3148db"
3377;"4271265";16.2.2012 00.00.00;30.12.1899 17.00.00;1;4;2012,00;44,00;"F";1,00;1,00;575,00;73,00;204,00;205,00;3,00;452056,00;7143993,00;28,11;8,50;31,20;152149;"c418a05e-2421-11e7-a02d-c1c81e3148db";"c4d4ace0-2421-11e7-a02d-c1c81e3148db"
3378;"4271266";16.2.2012 00.00.00;30.12.1899 17.00.00;1;4;2012,00;44,00;"F";1,00;1,00;540,00;74,00;198,00;198,00;1,00;452056,00;7143993,00;27,27;6,40;33,50;152201;"c41ac4c5-2421-11e7-a02d-c1c81e3148db";"c4d4ace1-2421-11e7-a02d-c1c81e3148db"
3379;"4271266";17.2.2012 00.00.00;30.12.1899 17.00.00;1;4;2012,00;44,00;"F";1,00;1,00;540,00;74,00;198,00;198,00;1,00;452056,00;7143993,00;27,27;6,40;33,50;152201;"c41ac4c5-2421-11e7-a02d-c1c81e3148db";"c4d4c072-2421-11e7-a02d-c1c81e3148db"
3380;"4271279";17.2.2012 00.00.00;30.12.1899 17.00.00;1;4;2012,00;44,00;"F";1,00;2,00;545,00;76,00;206,00;206,00;;452056,00;7143993,00;26,45;4,10;27,40;152400;"c41915f4-2421-11e7-a02d-c1c81e3148db";"c4d4d40e-2421-11e7-a02d-c1c81e3148db"
3381;"4219643";24.4.2012 00.00.00;;3;1;2012,00;44,00;"F";1,00;2,00;580,00;74,00;210,00;209,00;2,00;453356,00;7140382,00;27,68;7,50;30,70;152007;"c418520d-2421-11e7-a02d-c1c81e3148db";"c4d4d40f-2421-11e7-a02d-c1c81e3148db"
3382;"4271204";24.4.2012 00.00.00;;1;1;2012,00;44,00;"F";2,00;2,00;480,00;67,00;192,00;192,00;;455517,00;7137542,00;25,00;;;152601;"c419b296-2421-11e7-a02d-c1c81e3148db";"c4d4e7a0-2421-11e7-a02d-c1c81e3148db"
3383;"4271204";25.4.2012 00.00.00;;1;2;2012,00;44,00;"F";2,00;2,00;480,00;67,00;192,00;192,00;;455517,00;7137542,00;25,00;;;152601;"c419b296-2421-11e7-a02d-c1c81e3148db";"c4d50ee2-2421-11e7-a02d-c1c81e3148db"
3384;"4271214";24.4.2012 00.00.00;;5;2;2012,00;44,00;"F";2,00;2,00;480,00;69,00;191,00;190,00;3,00;452823,00;7142918,00;25,19;;;152921;"c41a2821-2421-11e7-a02d-c1c81e3148db";"c4d52260-2421-11e7-a02d-c1c81e3148db"
3385;"4271214";25.4.2012 00.00.00;;5;2;2012,00;44,00;"F";2,00;2,00;480,00;69,00;191,00;190,00;3,00;452416,00;7145033,00;25,19;;;152921;"c41a2821-2421-11e7-a02d-c1c81e3148db";"c4d53728-2421-11e7-a02d-c1c81e3148db"
3386;"4271218";25.4.2012 00.00.00;;1;2;2012,00;44,00;"F";2,00;2,00;500,00;71,00;199,00;198,00;2,00;451411,00;7139181,00;25,18;;;152839;"c41b1320-2421-11e7-a02d-c1c81e3148db";"c4d53729-2421-11e7-a02d-c1c81e3148db"
3387;"4271219";24.4.2012 00.00.00;;1;1;2012,00;44,00;"F";2,00;2,00;450,00;74,00;194,00;190,00;;454052,00;7140555,00;23,43;;;152210;"c41b1321-2421-11e7-a02d-c1c81e3148db";"c4d54ad8-2421-11e7-a02d-c1c81e3148db"
3388;"4271219";26.4.2012 00.00.00;;1;2;2012,00;44,00;"F";2,00;2,00;450,00;74,00;194,00;190,00;;454052,00;7140555,00;23,43;;;152210;"c41b1321-2421-11e7-a02d-c1c81e3148db";"c4d55e60-2421-11e7-a02d-c1c81e3148db"
3389;"4271253";25.4.2012 00.00.00;;3;1;2012,00;44,00;"F";1,00;2,00;545,00;72,00;199,00;201,00;2,00;454359,00;7142485,00;27,25;4,60;27,30;152460;"c4193d22-2421-11e7-a02d-c1c81e3148db";"c4d570bc-2421-11e7-a02d-c1c81e3148db"
3390;"4271254";24.4.2012 00.00.00;;1;2;2012,00;44,00;"F";1,00;2,00;520,00;70,00;204,00;204,00;;455927,00;7139400,00;25,49;7,30;26,50;152431;"c4193d21-2421-11e7-a02d-c1c81e3148db";"c4d570bd-2421-11e7-a02d-c1c81e3148db"
3391;"4271255";24.4.2012 00.00.00;;1;1;2012,00;44,00;"F";1,00;2,00;425,00;66,00;190,00;189,00;;453423,00;7142656,00;22,42;6,40;23,10;152311;"c41a9da1-2421-11e7-a02d-c1c81e3148db";"c4d5857a-2421-11e7-a02d-c1c81e3148db"
3392;"4271255";25.4.2012 00.00.00;;1;2;2012,00;44,00;"F";1,00;2,00;425,00;66,00;190,00;189,00;;453423,00;7142656,00;22,42;6,40;23,10;152311;"c41a9da1-2421-11e7-a02d-c1c81e3148db";"c4d5990c-2421-11e7-a02d-c1c81e3148db"
3393;"4271258";24.4.2012 00.00.00;;5;2;2012,00;44,00;"F";1,00;2,00;550,00;72,00;200,00;202,00;3,00;458124,00;7139317,00;27,36;5,40;32,30;152024;"c418520e-2421-11e7-a02d-c1c81e3148db";"c4d5990d-2421-11e7-a02d-c1c81e3148db"
3395;"4271260";24.4.2012 00.00.00;;1;1;2012,00;44,00;"F";2,00;1,00;505,00;72,00;193,00;193,00;;453066,00;7141800,00;26,16;;;152350;"c418eec6-2421-11e7-a02d-c1c81e3148db";"c4d5acb2-2421-11e7-a02d-c1c81e3148db"
3396;"4271260";25.4.2012 00.00.00;;1;2;2012,00;44,00;"F";2,00;1,00;505,00;72,00;193,00;193,00;;453066,00;7141800,00;26,16;;;152350;"c418eec6-2421-11e7-a02d-c1c81e3148db";"c4d5c062-2421-11e7-a02d-c1c81e3148db"
3397;"4271261";25.4.2012 00.00.00;;1;1;2012,00;44,00;"F";2,00;2,00;455,00;72,00;197,00;197,00;;446218,00;7135424,00;23,09;;;152190;"c418a05f-2421-11e7-a02d-c1c81e3148db";"c4d5d3cc-2421-11e7-a02d-c1c81e3148db"
3398;"4271271";24.4.2012 00.00.00;;1;2;2012,00;44,00;"F";1,00;2,00;570,00;76,00;205,00;204,00;1,00;449757,00;7139733,00;27,87;7,20;31,10;152238;"c418c7a0-2421-11e7-a02d-c1c81e3148db";"c4d5d3cd-2421-11e7-a02d-c1c81e3148db"
3399;"4271271";25.4.2012 00.00.00;;1;2;2012,00;44,00;"F";1,00;2,00;570,00;76,00;205,00;204,00;1,00;449757,00;7139733,00;27,87;7,20;31,10;152238;"c418c7a0-2421-11e7-a02d-c1c81e3148db";"c4d5e768-2421-11e7-a02d-c1c81e3148db"
3400;"4271271";26.4.2012 00.00.00;;1;2;2012,00;44,00;"F";1,00;2,00;570,00;76,00;205,00;204,00;1,00;449757,00;7139733,00;27,87;7,20;31,10;152238;"c418c7a0-2421-11e7-a02d-c1c81e3148db";"c4d5fb0e-2421-11e7-a02d-c1c81e3148db"
3401;"4271272";24.4.2012 00.00.00;;1;1;2012,00;44,00;"F";2,00;2,00;510,00;71,00;193,00;193,00;3,00;450974,00;7143398,00;26,42;;;152381;"c41915f3-2421-11e7-a02d-c1c81e3148db";"c4d60e96-2421-11e7-a02d-c1c81e3148db"
3402;"4271272";26.4.2012 00.00.00;;1;2;2012,00;44,00;"F";2,00;2,00;510,00;71,00;193,00;193,00;3,00;450974,00;7143398,00;26,42;;;152381;"c41915f3-2421-11e7-a02d-c1c81e3148db";"c4d60e97-2421-11e7-a02d-c1c81e3148db"
3403;"4271277";24.4.2012 00.00.00;;1;2;2012,00;44,00;"F";1,00;2,00;535,00;76,00;194,00;195,00;2,00;450294,00;7142868,00;27,50;5,40;28,70;152965;"c41a4f45-2421-11e7-a02d-c1c81e3148db";"c4d62232-2421-11e7-a02d-c1c81e3148db"
3404;"4271277";26.4.2012 00.00.00;;1;2;2012,00;44,00;"F";1,00;2,00;535,00;76,00;194,00;195,00;2,00;453684,00;7142083,00;27,50;5,40;28,70;152965;"c41a4f45-2421-11e7-a02d-c1c81e3148db";"c4d635ce-2421-11e7-a02d-c1c81e3148db"
3405;"4271279";24.4.2012 00.00.00;;1;1;2012,00;44,00;"F";1,00;2,00;545,00;76,00;206,00;206,00;;455973,00;7136664,00;26,45;4,10;27,40;152400;"c41915f4-2421-11e7-a02d-c1c81e3148db";"c4d635cf-2421-11e7-a02d-c1c81e3148db"
3406;"4271279";25.4.2012 00.00.00;;1;2;2012,00;44,00;"F";1,00;2,00;545,00;76,00;206,00;206,00;;455973,00;7136664,00;26,45;4,10;27,40;152400;"c41915f4-2421-11e7-a02d-c1c81e3148db";"c4d64960-2421-11e7-a02d-c1c81e3148db"
3407;"4271281";24.4.2012 00.00.00;;1;1;2012,00;44,00;"F";2,00;2,00;490,00;71,00;196,00;200,00;3,00;454856,00;7138040,00;24,74;;;152879;"c41a00f4-2421-11e7-a02d-c1c81e3148db";"c4d65d10-2421-11e7-a02d-c1c81e3148db"
3408;"4271281";25.4.2012 00.00.00;;1;2;2012,00;44,00;"F";2,00;2,00;490,00;71,00;196,00;200,00;3,00;454856,00;7138040,00;24,74;;;152879;"c41a00f4-2421-11e7-a02d-c1c81e3148db";"c4d67084-2421-11e7-a02d-c1c81e3148db"
3409;"4271281";26.4.2012 00.00.00;;1;2;2012,00;44,00;"F";2,00;2,00;490,00;71,00;196,00;200,00;3,00;454856,00;7138040,00;24,74;;;152879;"c41a00f4-2421-11e7-a02d-c1c81e3148db";"c4d6840c-2421-11e7-a02d-c1c81e3148db"
3410;"4271283";24.4.2012 00.00.00;;1;2;2012,00;44,00;"F";1,00;1,00;475,00;75,00;205,00;204,00;;451054,00;7146606,00;23,22;7,70;33,80;152915;"c41a2820-2421-11e7-a02d-c1c81e3148db";"c4d6840d-2421-11e7-a02d-c1c81e3148db"
3411;"4271283";26.4.2012 00.00.00;;1;1;2012,00;44,00;"F";1,00;1,00;475,00;75,00;205,00;204,00;;454386,00;7144115,00;23,22;7,70;33,80;152915;"c41a2820-2421-11e7-a02d-c1c81e3148db";"c4d697b2-2421-11e7-a02d-c1c81e3148db"
3412;"4271284";24.4.2012 00.00.00;;1;2;2012,00;44,00;"F";1,00;2,00;615,00;79,00;;;1,00;455407,00;7142959,00;;7,80;32,20;152229;"c418a060-2421-11e7-a02d-c1c81e3148db";"c4d697b3-2421-11e7-a02d-c1c81e3148db"
3413;"4271286";24.4.2012 00.00.00;;1;1;2012,00;44,00;"F";2,00;1,00;515,00;69,00;;190,00;3,00;453411,00;7140657,00;27,10;;;152861;"c41a00f3-2421-11e7-a02d-c1c81e3148db";"c4d697b4-2421-11e7-a02d-c1c81e3148db"
3414;"4271290";26.4.2012 00.00.00;;1;1;2012,00;44,00;"F";2,00;2,00;520,00;73,00;198,00;196,00;3,00;449935,00;7142325,00;26,39;;;152950;"c41a4f44-2421-11e7-a02d-c1c81e3148db";"c4d6c3ae-2421-11e7-a02d-c1c81e3148db"
3415;"4271291";24.4.2012 00.00.00;;1;1;2012,00;44,00;"F";2,00;1,00;465,00;70,00;192,00;193,00;;454927,00;7138046,00;24,15;;;152970;"c41a4f46-2421-11e7-a02d-c1c81e3148db";"c4d6c3af-2421-11e7-a02d-c1c81e3148db"
3416;"4271291";25.4.2012 00.00.00;;1;2;2012,00;44,00;"F";2,00;1,00;465,00;70,00;192,00;193,00;;454927,00;7138046,00;24,15;;;152970;"c41a4f46-2421-11e7-a02d-c1c81e3148db";"c4d6c3b0-2421-11e7-a02d-c1c81e3148db"
3417;"4271295";25.4.2012 00.00.00;;5;1;2012,00;44,00;"F";1,00;2,00;575,00;73,00;204,00;205,00;3,00;446197,00;7143749,00;28,11;7,10;32,00;152109;"c418793b-2421-11e7-a02d-c1c81e3148db";"c4d6eaf0-2421-11e7-a02d-c1c81e3148db"
3418;"4271296";24.4.2012 00.00.00;;1;1;2012,00;44,00;"F";2,00;2,00;500,00;68,00;195,00;195,00;3,00;455434,00;7137631,00;25,64;;;152661;"c419b298-2421-11e7-a02d-c1c81e3148db";"c4d6eaf1-2421-11e7-a02d-c1c81e3148db"
3419;"4271296";25.4.2012 00.00.00;;1;2;2012,00;44,00;"F";2,00;2,00;500,00;68,00;195,00;195,00;3,00;455434,00;7137631,00;25,64;;;152661;"c419b298-2421-11e7-a02d-c1c81e3148db";"c4d71200-2421-11e7-a02d-c1c81e3148db"
3420;"4271297";24.4.2012 00.00.00;;1;1;2012,00;44,00;"F";2,00;2,00;480,00;68,00;192,00;193,00;;456383,00;7135522,00;24,93;;;152528;"c4198b72-2421-11e7-a02d-c1c81e3148db";"c4d71201-2421-11e7-a02d-c1c81e3148db"
3421;"4271297";25.4.2012 00.00.00;;1;2;2012,00;44,00;"F";2,00;2,00;480,00;68,00;192,00;193,00;;456383,00;7135522,00;24,93;;;152528;"c4198b72-2421-11e7-a02d-c1c81e3148db";"c4d71202-2421-11e7-a02d-c1c81e3148db"
3422;"4271298";25.4.2012 00.00.00;;5;1;2012,00;44,00;"F";2,00;2,00;520,00;71,00;202,00;202,00;3,00;459220,00;7134331,00;25,74;;;152760;"c419d9c6-2421-11e7-a02d-c1c81e3148db";"c4d73956-2421-11e7-a02d-c1c81e3148db"
3424;"4271274";15.6.2012 00.00.00;30.12.1899 20.06.55;1;3;2012,00;44,00;"F";1,00;2,00;550,00;74,00;207,00;204,00;3,00;454993,00;7131815,00;26,76;3,30;30,10;152070;"c41ac4c6-2421-11e7-a02d-c1c81e3148db";"c4d73957-2421-11e7-a02d-c1c81e3148db"
3425;"4271295";15.6.2012 00.00.00;30.12.1899 19.26.40;5;3;2012,00;44,00;"F";1,00;2,00;575,00;73,00;204,00;205,00;3,00;444492,00;7139371,00;28,11;7,10;32,00;152109;"c418793b-2421-11e7-a02d-c1c81e3148db";"c4d73958-2421-11e7-a02d-c1c81e3148db"
3426;"4271284";15.6.2012 00.00.00;30.12.1899 23.51.32;1;3;2012,00;44,00;"F";1,00;2,00;615,00;79,00;;;1,00;425687,00;7136911,00;;7,80;32,20;152229;"c418a060-2421-11e7-a02d-c1c81e3148db";"c4d75f3a-2421-11e7-a02d-c1c81e3148db"
3427;"4271271";15.6.2012 00.00.00;30.12.1899 19.30.37;1;3;2012,00;44,00;"F";1,00;2,00;570,00;76,00;205,00;204,00;1,00;449996,00;7139825,00;27,87;7,20;31,10;152238;"c418c7a0-2421-11e7-a02d-c1c81e3148db";"c4d75f3b-2421-11e7-a02d-c1c81e3148db"
3428;"4271268";15.6.2012 00.00.00;30.12.1899 22.10.58;1;3;2012,00;44,00;"F";1,00;2,00;540,00;76,00;204,00;204,00;;460967,00;7129968,00;26,47;6,70;29,20;152259;"c418eec4-2421-11e7-a02d-c1c81e3148db";"c4d75f3c-2421-11e7-a02d-c1c81e3148db"
3429;"4271217";15.6.2012 00.00.00;30.12.1899 21.33.37;1;3;2012,00;44,00;"F";1,00;2,00;550,00;78,00;206,00;205,00;;462379,00;7131675,00;26,76;10,00;35,00;152259;"c41aebf4-2421-11e7-a02d-c1c81e3148db";"c4d7879e-2421-11e7-a02d-c1c81e3148db"
3430;"4271259";15.6.2012 00.00.00;30.12.1899 00.13.45;1;3;2012,00;44,00;"F";2,00;2,00;500,00;69,00;191,00;192,00;3,00;414164,00;7117189,00;26,10;;;152301;"c418eec5-2421-11e7-a02d-c1c81e3148db";"c4d7879f-2421-11e7-a02d-c1c81e3148db"
3431;"4271255";15.6.2012 00.00.00;30.12.1899 19.51.55;1;3;2012,00;44,00;"F";1,00;2,00;425,00;66,00;190,00;189,00;;456214,00;7143237,00;22,42;6,40;23,10;152311;"c41a9da1-2421-11e7-a02d-c1c81e3148db";"c4d7adb4-2421-11e7-a02d-c1c81e3148db"
3432;"4271272";15.6.2012 00.00.00;30.12.1899 21.11.16;1;3;2012,00;44,00;"F";2,00;2,00;510,00;71,00;193,00;193,00;3,00;455495,00;7123655,00;26,42;;;152381;"c41915f3-2421-11e7-a02d-c1c81e3148db";"c4d7adb5-2421-11e7-a02d-c1c81e3148db"
3433;"4271279";15.6.2012 00.00.00;30.12.1899 19.37.12;1;3;2012,00;44,00;"F";1,00;2,00;545,00;76,00;206,00;206,00;;449719,00;7135613,00;26,45;4,10;27,40;152400;"c41915f4-2421-11e7-a02d-c1c81e3148db";"c4d7adb6-2421-11e7-a02d-c1c81e3148db"
3434;"4271298";15.6.2012 00.00.00;30.12.1899 21.03.09;5;3;2012,00;44,00;"F";2,00;2,00;520,00;71,00;202,00;202,00;3,00;458991,00;7133207,00;25,74;;;152760;"c419d9c6-2421-11e7-a02d-c1c81e3148db";"c4d7d4a6-2421-11e7-a02d-c1c81e3148db"
3435;"4271218";15.6.2012 00.00.00;30.12.1899 19.58.06;1;3;2012,00;44,00;"F";2,00;2,00;500,00;71,00;199,00;198,00;2,00;454783,00;7142685,00;25,18;;;152839;"c41b1320-2421-11e7-a02d-c1c81e3148db";"c4d7d4a7-2421-11e7-a02d-c1c81e3148db"
3436;"4271278";15.6.2012 00.00.00;30.12.1899 21.50.25;1;3;2012,00;44,00;"F";2,00;2,00;515,00;73,00;194,00;;;468003,00;7113481,00;26,54;;;152852;"c41aebf2-2421-11e7-a02d-c1c81e3148db";"c4d7fd14-2421-11e7-a02d-c1c81e3148db"
3437;"4271281";15.6.2012 00.00.00;30.12.1899 19.43.21;1;3;2012,00;44,00;"F";2,00;2,00;490,00;71,00;196,00;200,00;3,00;456068,00;7130511,00;24,74;;;152879;"c41a00f4-2421-11e7-a02d-c1c81e3148db";"c4d7fd15-2421-11e7-a02d-c1c81e3148db"
3438;"4271283";15.6.2012 00.00.00;30.12.1899 19.58.51;1;3;2012,00;44,00;"F";1,00;1,00;475,00;75,00;205,00;204,00;;453409,00;7142957,00;23,22;7,70;33,80;152915;"c41a2820-2421-11e7-a02d-c1c81e3148db";"c4d7fd16-2421-11e7-a02d-c1c81e3148db"
3439;"4271214";15.6.2012 00.00.00;30.12.1899 20.13.27;5;3;2012,00;44,00;"F";2,00;2,00;480,00;69,00;191,00;190,00;3,00;453972,00;7145235,00;25,19;;;152921;"c41a2821-2421-11e7-a02d-c1c81e3148db";"c4d82442-2421-11e7-a02d-c1c81e3148db"
3440;"4271290";15.6.2012 00.00.00;30.12.1899 22.24.31;1;3;2012,00;44,00;"F";2,00;2,00;520,00;73,00;198,00;196,00;3,00;456584,00;7145036,00;26,39;;;152950;"c41a4f44-2421-11e7-a02d-c1c81e3148db";"c4d82443-2421-11e7-a02d-c1c81e3148db"
3441;"4271277";15.6.2012 00.00.00;30.12.1899 19.53.34;5;3;2012,00;44,00;"F";1,00;2,00;535,00;76,00;194,00;195,00;2,00;455416,00;7140560,00;27,50;5,40;28,70;152965;"c41a4f45-2421-11e7-a02d-c1c81e3148db";"c4d82444-2421-11e7-a02d-c1c81e3148db"
3442;"4271290";15.6.2012 00.00.00;30.12.1899 22.00.00;1;1;2012,00;44,00;"F";2,00;2,00;520,00;73,00;198,00;196,00;3,00;450511,00;7143400,00;26,39;;;152950;"c41a4f44-2421-11e7-a02d-c1c81e3148db";"c4d84b52-2421-11e7-a02d-c1c81e3148db"
3443;"4271290";16.6.2012 00.00.00;30.12.1899 11.00.00;1;1;2012,00;44,00;"F";2,00;2,00;520,00;73,00;198,00;196,00;3,00;450604,00;7143421,00;26,39;;;152950;"c41a4f44-2421-11e7-a02d-c1c81e3148db";"c4d84b53-2421-11e7-a02d-c1c81e3148db"
3444;"4271283";17.6.2012 00.00.00;30.12.1899 20.40.00;1;1;2012,00;44,00;"F";1,00;1,00;475,00;75,00;205,00;204,00;;453681,00;7142287,00;23,22;7,70;33,80;152915;"c41a2820-2421-11e7-a02d-c1c81e3148db";"c4d84b54-2421-11e7-a02d-c1c81e3148db"
3445;"4271271";17.6.2012 00.00.00;30.12.1899 13.00.00;1;1;2012,00;44,00;"F";1,00;2,00;570,00;76,00;205,00;204,00;1,00;450400,00;7140300,00;27,87;7,20;31,10;152238;"c418c7a0-2421-11e7-a02d-c1c81e3148db";"c4d87294-2421-11e7-a02d-c1c81e3148db"
3446;"4271277";18.6.2012 00.00.00;30.12.1899 12.00.00;3;1;2012,00;44,00;"F";1,00;2,00;535,00;76,00;194,00;195,00;2,00;452761,00;7143082,00;27,50;5,40;28,70;152965;"c41a4f45-2421-11e7-a02d-c1c81e3148db";"c4d87295-2421-11e7-a02d-c1c81e3148db"
3447;"4271218";18.6.2012 00.00.00;30.12.1899 16.00.00;1;1;2012,00;44,00;"F";2,00;2,00;500,00;71,00;199,00;198,00;2,00;454849,00;7140696,00;25,18;;;152839;"c41b1320-2421-11e7-a02d-c1c81e3148db";"c4d87296-2421-11e7-a02d-c1c81e3148db"
3448;"4271283";18.6.2012 00.00.00;30.12.1899 12.10.00;1;1;2012,00;44,00;"F";1,00;1,00;475,00;75,00;205,00;204,00;;453532,00;7142149,00;23,22;7,70;33,80;152915;"c41a2820-2421-11e7-a02d-c1c81e3148db";"c4d899a4-2421-11e7-a02d-c1c81e3148db"
3450;"4271273";11.7.2012 00.00.00;30.12.1899 18.26.38;5;3;2012,00;44,00;"F";2,00;1,00;525,00;72,00;190,00;189,00;3,00;407663,00;7134849,00;27,70;;;152141;"c418793c-2421-11e7-a02d-c1c81e3148db";"c4d899a5-2421-11e7-a02d-c1c81e3148db"
3451;"4271265";11.7.2012 00.00.00;30.12.1899 18.32.06;5;3;2012,00;44,00;"F";1,00;1,00;575,00;73,00;204,00;205,00;3,00;413801,00;7138158,00;28,11;8,50;31,20;152149;"c418a05e-2421-11e7-a02d-c1c81e3148db";"c4d899a6-2421-11e7-a02d-c1c81e3148db"
3452;"4271294";11.7.2012 00.00.00;30.12.1899 19.45.44;1;3;2012,00;44,00;"F";1,00;2,00;510,00;73,00;210,00;211,00;;478572,00;7183318,00;24,22;6,40;30,90;152502;"c4196445-2421-11e7-a02d-c1c81e3148db";"c4d8c0fa-2421-11e7-a02d-c1c81e3148db"
3453;"4271204";11.7.2012 00.00.00;30.12.1899 19.56.10;1;3;2012,00;44,00;"F";2,00;2,00;480,00;67,00;192,00;192,00;;468246,00;7175547,00;25,00;;;152601;"c419b296-2421-11e7-a02d-c1c81e3148db";"c4d8c0fb-2421-11e7-a02d-c1c81e3148db"
3454;"4271205";11.7.2012 00.00.00;30.12.1899 20.02.26;1;3;2012,00;44,00;"F";1,00;2,00;505,00;69,00;202,00;202,00;;483443,00;7172771,00;25,00;8,80;30,10;152721;"c419d9c4-2421-11e7-a02d-c1c81e3148db";"c4d8c0fc-2421-11e7-a02d-c1c81e3148db"
3455;"4271218";4.7.2012 00.00.00;;1;1;2012,00;44,00;"F";2,00;2,00;500,00;71,00;199,00;198,00;2,00;454825,00;7140674,00;25,18;;;152839;"c41b1320-2421-11e7-a02d-c1c81e3148db";"c4d8e6de-2421-11e7-a02d-c1c81e3148db"
3456;"4271283";4.7.2012 00.00.00;;1;1;2012,00;44,00;"F";1,00;1,00;475,00;75,00;205,00;204,00;;453534,00;7142307,00;23,22;7,70;33,80;152915;"c41a2820-2421-11e7-a02d-c1c81e3148db";"c4d8e6df-2421-11e7-a02d-c1c81e3148db"
3457;"4271290";4.7.2012 00.00.00;;1;2;2012,00;44,00;"F";2,00;2,00;520,00;73,00;198,00;196,00;3,00;449400,00;7142900,00;26,39;;;152950;"c41a4f44-2421-11e7-a02d-c1c81e3148db";"c4d90e02-2421-11e7-a02d-c1c81e3148db"
3458;"4271218";21.7.2012 00.00.00;30.12.1899 15.40.02;1;1;2012,00;44,00;"F";2,00;2,00;500,00;71,00;199,00;198,00;2,00;454756,00;7140407,00;25,18;;;152839;"c41b1320-2421-11e7-a02d-c1c81e3148db";"c4d90e03-2421-11e7-a02d-c1c81e3148db"
3459;"4271290";21.7.2012 00.00.00;30.12.1899 20.46.02;1;1;2012,00;44,00;"F";2,00;2,00;520,00;73,00;198,00;196,00;3,00;450777,00;7140912,00;26,39;;;152950;"c41a4f44-2421-11e7-a02d-c1c81e3148db";"c4d90e04-2421-11e7-a02d-c1c81e3148db"
3460;"4219645";14.8.2012 00.00.00;30.12.1899 17.09.02;1;3;2012,00;44,00;"F";1,00;2,00;505,00;70,00;197,00;197,00;;418625,00;7106915,00;25,63;7,60;32,20;152040;"c418793a-2421-11e7-a02d-c1c81e3148db";"c4d93666-2421-11e7-a02d-c1c81e3148db"
3461;"4271274";14.8.2012 00.00.00;30.12.1899 18.20.06;5;3;2012,00;44,00;"F";1,00;2,00;550,00;74,00;207,00;204,00;3,00;460029,00;7130361,00;26,76;3,30;30,10;152070;"c41ac4c6-2421-11e7-a02d-c1c81e3148db";"c4d93667-2421-11e7-a02d-c1c81e3148db"
3462;"4271224";14.8.2012 00.00.00;30.12.1899 17.30.55;5;3;2012,00;44,00;"F";1,00;1,00;525,00;78,00;197,00;203,00;3,00;406635,00;7134057,00;26,25;5,00;31,00;152139;"c41b1322-2421-11e7-a02d-c1c81e3148db";"c4d93668-2421-11e7-a02d-c1c81e3148db"
3463;"4271284";14.8.2012 00.00.00;30.12.1899 16.56.45;1;3;2012,00;44,00;"F";1,00;2,00;615,00;79,00;;;1,00;398286,00;7107668,00;;7,80;32,20;152229;"c418a060-2421-11e7-a02d-c1c81e3148db";"c4d95db2-2421-11e7-a02d-c1c81e3148db"
3464;"4271271";14.8.2012 00.00.00;30.12.1899 16.53.00;1;3;2012,00;44,00;"F";1,00;2,00;570,00;76,00;205,00;204,00;1,00;391499,00;7102910,00;27,87;7,20;31,10;152238;"c418c7a0-2421-11e7-a02d-c1c81e3148db";"c4d95db3-2421-11e7-a02d-c1c81e3148db"
3465;"4271217";14.8.2012 00.00.00;30.12.1899 18.05.46;1;3;2012,00;44,00;"F";1,00;2,00;550,00;78,00;206,00;205,00;;456517,00;7136628,00;26,76;10,00;35,00;152258;"c41aebf4-2421-11e7-a02d-c1c81e3148db";"c4d95db4-2421-11e7-a02d-c1c81e3148db"
3466;"4271255";14.8.2012 00.00.00;30.12.1899 18.02.32;1;3;2012,00;44,00;"F";1,00;2,00;425,00;66,00;190,00;189,00;;450809,00;7136422,00;22,42;6,40;23,10;152311;"c41a9da1-2421-11e7-a02d-c1c81e3148db";"c4d984ae-2421-11e7-a02d-c1c81e3148db"
3467;"4271272";14.8.2012 00.00.00;30.12.1899 17.54.38;5;3;2012,00;44,00;"F";2,00;2,00;510,00;71,00;193,00;193,00;3,00;453194,00;7126657,00;26,42;;;152381;"c41915f3-2421-11e7-a02d-c1c81e3148db";"c4d984af-2421-11e7-a02d-c1c81e3148db"
3468;"4271296";14.8.2012 00.00.00;30.12.1899 17.20.03;5;3;2012,00;44,00;"F";2,00;2,00;500,00;68,00;195,00;195,00;3,00;422319,00;7111383,00;25,64;;;152661;"c419b298-2421-11e7-a02d-c1c81e3148db";"c4d984b0-2421-11e7-a02d-c1c81e3148db"
3469;"4271283";14.8.2012 00.00.00;30.12.1899 18.04.00;1;3;2012,00;44,00;"F";1,00;1,00;475,00;75,00;205,00;204,00;;453171,00;7135377,00;23,22;7,70;33,80;152915;"c41a2820-2421-11e7-a02d-c1c81e3148db";"c4d9ac04-2421-11e7-a02d-c1c81e3148db"
3471;"4271218";13.8.2012 00.00.00;;3;1;2012,00;44,00;"F";2,00;2,00;500,00;71,00;199,00;198,00;2,00;454935,00;7140294,00;25,18;;;152839;"c41b1320-2421-11e7-a02d-c1c81e3148db";"c4d9ac05-2421-11e7-a02d-c1c81e3148db"
3472;"4271290";13.8.2012 00.00.00;;1;1;2012,00;44,00;"F";2,00;2,00;520,00;73,00;198,00;196,00;3,00;450548,00;7140794,00;26,39;;;152950;"c41a4f44-2421-11e7-a02d-c1c81e3148db";"c4d9ac06-2421-11e7-a02d-c1c81e3148db"
3473;"4271290";17.9.2012 00.00.00;30.12.1899 15.40.00;1;2;2012,00;44,00;"F";2,00;2,00;520,00;73,00;198,00;196,00;3,00;450548,00;7140794,00;26,39;;;152950;"c41a4f44-2421-11e7-a02d-c1c81e3148db";"c4d9d1de-2421-11e7-a02d-c1c81e3148db"
3474;"4271271";4.12.2012 00.00.00;30.12.1899 15.40.00;1;3;2012,00;44,00;"F";1,00;2,00;570,00;76,00;205,00;204,00;1,00;388396,00;7103727,00;27,87;7,20;31,10;152238;"c418c7a0-2421-11e7-a02d-c1c81e3148db";"c4d9d1df-2421-11e7-a02d-c1c81e3148db"
3475;"4271255";4.12.2012 00.00.00;30.12.1899 15.40.00;1;3;2012,00;44,00;"F";1,00;2,00;425,00;66,00;190,00;189,00;;455440,00;7144462,00;22,42;6,40;23,10;152311;"c41a9da1-2421-11e7-a02d-c1c81e3148db";"c4d9d1e0-2421-11e7-a02d-c1c81e3148db"
3476;"4271290";4.12.2012 00.00.00;30.12.1899 15.40.00;5;3;2012,00;44,00;"F";2,00;2,00;520,00;73,00;198,00;196,00;3,00;454111,00;7138416,00;26,39;;;152950;"c41a4f44-2421-11e7-a02d-c1c81e3148db";"c4d9f902-2421-11e7-a02d-c1c81e3148db"
3477;"4271284";29.1.2013 00.00.00;30.12.1899 15.00.00;1;3;2012,00;44,00;"F";1,00;2,00;615,00;79,00;;;1,00;385700,00;7103503,00;;7,80;32,20;152229;"c418a060-2421-11e7-a02d-c1c81e3148db";"c4d9f903-2421-11e7-a02d-c1c81e3148db"
3478;"4271259";29.1.2013 00.00.00;30.12.1899 15.00.00;5;3;2012,00;44,00;"F";2,00;2,00;500,00;69,00;191,00;192,00;3,00;410390,00;7111169,00;26,10;;;152301;"c418eec5-2421-11e7-a02d-c1c81e3148db";"c4da203a-2421-11e7-a02d-c1c81e3148db"
3479;"4271286";29.1.2013 00.00.00;30.12.1899 15.00.00;5;3;2012,00;44,00;"F";2,00;1,00;515,00;69,00;;190,00;3,00;457633,00;7140328,00;27,10;;;152861;"c41a00f3-2421-11e7-a02d-c1c81e3148db";"c4da203b-2421-11e7-a02d-c1c81e3148db"
3481;"4271271";29.1.2013 00.00.00;30.12.1899 15.00.00;1;3;2012,00;44,00;"F";1,00;2,00;570,00;76,00;205,00;204,00;1,00;452937,00;7142105,00;27,87;7,20;31,10;152238;"c418c7a0-2421-11e7-a02d-c1c81e3148db";"c4da203c-2421-11e7-a02d-c1c81e3148db"
3482;"4271255";29.1.2013 00.00.00;30.12.1899 15.00.00;1;3;2012,00;44,00;"F";1,00;2,00;425,00;66,00;190,00;189,00;;455588,00;7144554,00;22,42;6,40;23,10;152311;"c41a9da1-2421-11e7-a02d-c1c81e3148db";"c4da4754-2421-11e7-a02d-c1c81e3148db"
3483;"4271281";29.1.2013 00.00.00;30.12.1899 15.00.00;1;3;2012,00;44,00;"F";2,00;2,00;490,00;71,00;196,00;200,00;3,00;453380,00;7142911,00;24,74;;;152879;"c41a00f4-2421-11e7-a02d-c1c81e3148db";"c4da4755-2421-11e7-a02d-c1c81e3148db"
3484;"4272251";5.2.2013 00.00.00;30.12.1899 03.30.00;2;1;2013,00;44,00;"F";2,00;2,00;470,00;70,30;189,00;189,00;;452366,00;7144113,00;24,86;;;152370;"c41b3a44-2421-11e7-a02d-c1c81e3148db";"c4da4756-2421-11e7-a02d-c1c81e3148db"
3485;"4272252";5.2.2013 00.00.00;30.12.1899 02.55.00;2;1;2013,00;44,00;"F";2,00;1,00;500,00;69,90;199,00;201,00;3,00;451781,00;7143211,00;25,00;;;152540;"c41b3a45-2421-11e7-a02d-c1c81e3148db";"c4da6fb8-2421-11e7-a02d-c1c81e3148db"
3486;"4272252";13.2.2013 00.00.00;30.12.1899 16.00.00;1;2;2013,00;44,00;"F";2,00;1,00;500,00;69,90;199,00;201,00;3,00;451452,00;7141109,00;25,00;;;152540;"c41b3a45-2421-11e7-a02d-c1c81e3148db";"c4da6fb9-2421-11e7-a02d-c1c81e3148db"
3487;"4272253";5.2.2013 00.00.00;30.12.1899 03.30.00;2;1;2013,00;44,00;"F";1,00;1,00;595,00;73,40;211,00;210,00;2,00;452312,00;7144385,00;28,26;10,00;34,60;152741;"c41b3a46-2421-11e7-a02d-c1c81e3148db";"c4da96f0-2421-11e7-a02d-c1c81e3148db"
3488;"4272253";13.2.2013 00.00.00;30.12.1899 16.00.00;1;2;2013,00;44,00;"F";1,00;1,00;595,00;73,40;211,00;210,00;2,00;451328,00;7141264,00;28,26;10,00;34,60;152741;"c41b3a46-2421-11e7-a02d-c1c81e3148db";"c4da96f1-2421-11e7-a02d-c1c81e3148db"
3489;"4272254";6.2.2013 00.00.00;30.12.1899 01.40.00;2;1;2013,00;44,00;"F";2,00;1,00;505,00;69,70;193,00;192,00;3,00;452366,00;7143882,00;26,23;;;152016;"c41b6168-2421-11e7-a02d-c1c81e3148db";"c4da96f2-2421-11e7-a02d-c1c81e3148db"
3490;"4272255";8.2.2013 00.00.00;30.12.1899 02.30.00;2;1;2013,00;44,00;"F";1,00;1,00;515,00;70,90;201,00;201,00;;453078,00;7142507,00;25,62;6,60;30,20;152838;"c41b6169-2421-11e7-a02d-c1c81e3148db";"c4dabe0a-2421-11e7-a02d-c1c81e3148db"
3491;"4272255";11.2.2013 00.00.00;30.12.1899 03.15.00;1;1;2013,00;44,00;"F";1,00;1,00;515,00;70,90;201,00;201,00;;452219,00;7142800,00;25,62;6,60;30,20;152838;"c41b6169-2421-11e7-a02d-c1c81e3148db";"c4dabe0b-2421-11e7-a02d-c1c81e3148db"
3493;"4272257";9.2.2013 00.00.00;30.12.1899 02.45.00;2;1;2013,00;44,00;"F";2,00;1,00;495,00;67,70;193,00;193,00;;451083,00;7145056,00;25,64;;;152448;"c41b888d-2421-11e7-a02d-c1c81e3148db";"c4dae542-2421-11e7-a02d-c1c81e3148db"
3496;"4272259";9.2.2013 00.00.00;30.12.1899 23.30.00;2;1;2013,00;44,00;"F";1,00;1,00;525,00;76,40;210,00;210,00;2,00;453301,00;7143180,00;25,00;7,30;29,00;152903;"c41bafba-2421-11e7-a02d-c1c81e3148db";"c4db0c52-2421-11e7-a02d-c1c81e3148db"
3497;"4272259";13.2.2013 00.00.00;30.12.1899 16.00.00;1;2;2013,00;44,00;"F";1,00;1,00;525,00;76,40;210,00;210,00;2,00;452141,00;7142007,00;25,00;7,30;29,00;152903;"c41bafba-2421-11e7-a02d-c1c81e3148db";"c4db0c53-2421-11e7-a02d-c1c81e3148db"
3498;"4272260";10.2.2013 00.00.00;30.12.1899 00.10.00;2;1;2013,00;44,00;"F";1,00;1,00;605,00;76,90;206,00;208,00;;452978,00;7142055,00;29,22;7,60;34,20;152268;"c41bafbb-2421-11e7-a02d-c1c81e3148db";"c4db0c54-2421-11e7-a02d-c1c81e3148db"
3499;"4272260";13.2.2013 00.00.00;30.12.1899 16.00.00;1;2;2013,00;44,00;"F";1,00;1,00;605,00;76,90;206,00;208,00;;454190,00;7142750,00;29,22;7,60;34,20;152268;"c41bafbb-2421-11e7-a02d-c1c81e3148db";"c4db325e-2421-11e7-a02d-c1c81e3148db"
3501;"4272262";10.2.2013 00.00.00;30.12.1899 02.30.00;2;1;2013,00;44,00;"F";2,00;2,00;460,00;71,50;197,00;197,00;2,00;452565,00;7142994,00;23,35;;;152479;"c41bd6de-2421-11e7-a02d-c1c81e3148db";"c4db3260-2421-11e7-a02d-c1c81e3148db"
3502;"4272262";13.2.2013 00.00.00;30.12.1899 16.00.00;1;2;2013,00;44,00;"F";2,00;2,00;460,00;71,50;197,00;197,00;2,00;452222,00;7141503,00;23,35;;;152479;"c41bd6de-2421-11e7-a02d-c1c81e3148db";"c4db5ab8-2421-11e7-a02d-c1c81e3148db"
3503;"4272263";10.2.2013 00.00.00;30.12.1899 03.40.00;2;1;2013,00;44,00;"F";2,00;1,00;515,00;71,10;195,00;196,00;2,00;451321,00;7143322,00;26,34;;;152520;"c41bd6df-2421-11e7-a02d-c1c81e3148db";"c4db5ab9-2421-11e7-a02d-c1c81e3148db"
3504;"4272264";10.2.2013 00.00.00;30.12.1899 23.50.00;2;1;2013,00;44,00;"F";2,00;1,00;490,00;67,00;194,00;195,00;;453404,00;7142556,00;25,19;;;152178;"c41bd6e0-2421-11e7-a02d-c1c81e3148db";"c4db80a6-2421-11e7-a02d-c1c81e3148db"
3505;"4272265";10.2.2013 00.00.00;30.12.1899 22.50.00;2;1;2013,00;44,00;"F";2,00;1,00;450,00;;195,00;;;452247,00;7143122,00;23,07;;;;"c41bfe0c-2421-11e7-a02d-c1c81e3148db";"c4db80a7-2421-11e7-a02d-c1c81e3148db"
3506;"4272266";11.2.2013 00.00.00;30.12.1899 22.20.00;2;1;2013,00;44,00;"F";1,00;1,00;605,00;73,90;203,00;203,00;;454457,00;7142513,00;29,80;5,90;27,80;152051;"c41bfe0d-2421-11e7-a02d-c1c81e3148db";"c4dbd04c-2421-11e7-a02d-c1c81e3148db"
3509;"4272268";11.2.2013 00.00.00;30.12.1899 00.45.00;2;1;2013,00;44,00;"F";2,00;2,00;420,00;64,70;187,00;189,00;2,00;452921,00;7142435,00;22,34;;;152061;"c41c253a-2421-11e7-a02d-c1c81e3148db";"c4dbf75c-2421-11e7-a02d-c1c81e3148db"
3510;"4272269";11.2.2013 00.00.00;30.12.1899 23.30.00;2;1;2013,00;44,00;"F";1,00;1,00;545,00;74,60;208,00;210,00;;455129,00;7141189,00;26,07;8,40;31,00;152277;"c41c253b-2421-11e7-a02d-c1c81e3148db";"c4dbf75d-2421-11e7-a02d-c1c81e3148db"
3511;"4272269";13.2.2013 00.00.00;30.12.1899 16.00.00;1;2;2013,00;44,00;"F";1,00;1,00;545,00;74,60;208,00;210,00;;452413,00;7142118,00;26,07;8,40;31,00;152277;"c41c253b-2421-11e7-a02d-c1c81e3148db";"c4dbf75e-2421-11e7-a02d-c1c81e3148db"
3512;"4272270";11.2.2013 00.00.00;30.12.1899 04.00.00;2;1;2013,00;44,00;"F";1,00;1,00;530,00;72,10;207,00;207,00;;451825,00;7141880,00;25,60;7,90;31,30;152329;"c41c253c-2421-11e7-a02d-c1c81e3148db";"c4dc1e9e-2421-11e7-a02d-c1c81e3148db"
3513;"4272271";13.2.2013 00.00.00;30.12.1899 00.55.00;2;1;2013,00;44,00;"F";1,00;1,00;570,00;75,10;210,00;210,00;;452847,00;7142428,00;27,14;8,10;29,00;152044;"c41c4c68-2421-11e7-a02d-c1c81e3148db";"c4dc1e9f-2421-11e7-a02d-c1c81e3148db"
3514;"4272271";13.2.2013 00.00.00;30.12.1899 16.00.00;1;2;2013,00;44,00;"F";1,00;1,00;570,00;75,10;210,00;210,00;;452851,00;7142485,00;27,14;8,10;29,00;152044;"c41c4c68-2421-11e7-a02d-c1c81e3148db";"c4dc1ea0-2421-11e7-a02d-c1c81e3148db"
3515;"4272272";12.2.2013 00.00.00;30.12.1899 02.10.00;2;1;2013,00;44,00;"F";1,00;2,00;525,00;75,60;200,00;200,00;;452750,00;7142595,00;26,25;6,50;27,30;152151;"c41c4c69-2421-11e7-a02d-c1c81e3148db";"c4dc448c-2421-11e7-a02d-c1c81e3148db"
3516;"4272272";13.2.2013 00.00.00;30.12.1899 16.00.00;1;2;2013,00;44,00;"F";1,00;2,00;525,00;75,60;200,00;200,00;;452417,00;7142568,00;26,25;6,50;27,30;152151;"c41c4c69-2421-11e7-a02d-c1c81e3148db";"c4dc448d-2421-11e7-a02d-c1c81e3148db"
3517;"4272272";13.2.2013 00.00.00;30.12.1899 01.50.00;1;1;2013,00;44,00;"F";1,00;2,00;525,00;75,60;200,00;200,00;;452860,00;7141997,00;26,25;6,50;27,30;152151;"c41c4c69-2421-11e7-a02d-c1c81e3148db";"c4dc448e-2421-11e7-a02d-c1c81e3148db"
3518;"4272273";13.2.2013 00.00.00;30.12.1899 01.45.00;2;1;2013,00;44,00;"F";1,00;2,00;470,00;71,70;196,00;195,00;;452183,00;7142041,00;24,04;4,00;26,80;152079;"c41c4c6a-2421-11e7-a02d-c1c81e3148db";"c4dc6cfa-2421-11e7-a02d-c1c81e3148db"
3519;"4272273";13.2.2013 00.00.00;30.12.1899 16.00.00;1;2;2013,00;44,00;"F";1,00;2,00;470,00;71,70;196,00;195,00;;451645,00;7141194,00;24,04;4,00;26,80;152079;"c41c4c6a-2421-11e7-a02d-c1c81e3148db";"c4dc6cfb-2421-11e7-a02d-c1c81e3148db"
3520;"4272274";13.2.2013 00.00.00;30.12.1899 01.35.00;2;1;2013,00;44,00;"F";2,00;1,00;535,00;69,50;200,00;199,00;;452703,00;7142431,00;26,81;;;152827;"c41c738c-2421-11e7-a02d-c1c81e3148db";"c4dc6cfc-2421-11e7-a02d-c1c81e3148db"
3521;"4272275";13.2.2013 00.00.00;30.12.1899 03.25.00;2;1;2013,00;44,00;"F";2,00;1,00;485,00;69,40;193,00;192,00;;452232,00;7142805,00;25,19;;;152440;"c41c738d-2421-11e7-a02d-c1c81e3148db";"c4dc940a-2421-11e7-a02d-c1c81e3148db"
3522;"4272275";13.2.2013 00.00.00;30.12.1899 16.00.00;1;2;2013,00;44,00;"F";2,00;1,00;485,00;69,40;193,00;192,00;;451893,00;7141484,00;25,19;;;152440;"c41c738d-2421-11e7-a02d-c1c81e3148db";"c4dc940b-2421-11e7-a02d-c1c81e3148db"
3523;"4272276";13.2.2013 00.00.00;30.12.1899 02.40.00;2;1;2013,00;44,00;"F";1,00;1,00;545,00;72,00;199,00;200,00;1,00;452389,00;7142182,00;27,31;8,20;32,50;152321;"c41c738e-2421-11e7-a02d-c1c81e3148db";"c4dcba02-2421-11e7-a02d-c1c81e3148db"
3524;"4272276";13.2.2013 00.00.00;30.12.1899 16.00.00;1;1;2013,00;44,00;"F";1,00;1,00;545,00;72,00;199,00;200,00;1,00;452640,00;7141541,00;27,31;8,20;32,50;152321;"c41c738e-2421-11e7-a02d-c1c81e3148db";"c4dcba03-2421-11e7-a02d-c1c81e3148db"
3525;"4272277";14.2.2013 00.00.00;30.12.1899 00.30.00;2;1;2013,00;44,00;"F";2,00;2,00;475,00;67,80;190,00;190,00;3,00;452025,00;7143509,00;25,00;;;152088;"c41c9aba-2421-11e7-a02d-c1c81e3148db";"c4dce266-2421-11e7-a02d-c1c81e3148db"
3526;"4272278";14.2.2013 00.00.00;30.12.1899 01.10.00;2;1;2013,00;44,00;"F";2,00;1,00;500,00;67,30;190,00;190,00;1,00;451633,00;7143810,00;26,31;;;152746;"c41c9abb-2421-11e7-a02d-c1c81e3148db";"c4dce267-2421-11e7-a02d-c1c81e3148db"
3527;"4272279";14.2.2013 00.00.00;30.12.1899 01.40.00;2;1;2013,00;44,00;"F";1,00;1,00;550,00;76,00;208,00;209,00;;452342,00;7143840,00;26,37;4,40;29,90;152772;"c41c9abc-2421-11e7-a02d-c1c81e3148db";"c4dce268-2421-11e7-a02d-c1c81e3148db"
3530;"4272282";14.2.2013 00.00.00;30.12.1899 21.50.00;2;1;2013,00;44,00;"F";2,00;1,00;520,00;70,20;197,00;198,00;;452520,00;7143108,00;26,32;;;152791;"c41cc1e0-2421-11e7-a02d-c1c81e3148db";"c4dd09a0-2421-11e7-a02d-c1c81e3148db"
3531;"4272283";14.2.2013 00.00.00;30.12.1899 23.05.00;2;1;2013,00;44,00;"F";1,00;2,00;585,00;73,20;207,00;207,00;;452577,00;7142172,00;28,26;8,50;33,50;152736;"c41ce90c-2421-11e7-a02d-c1c81e3148db";"c4dd30ae-2421-11e7-a02d-c1c81e3148db"
3532;"4272284";14.2.2013 00.00.00;30.12.1899 23.25.00;2;1;2013,00;44,00;"F";1,00;1,00;520,00;69,20;201,00;202,00;;452605,00;7142772,00;25,80;4,10;25,80;152286;"c41ce90d-2421-11e7-a02d-c1c81e3148db";"c4dd30af-2421-11e7-a02d-c1c81e3148db"
3533;"4272285";15.2.2013 00.00.00;30.12.1899 00.10.00;2;1;2013,00;44,00;"F";1,00;1,00;565,00;76,00;212,00;212,00;;452226,00;7142800,00;26,65;8,40;31,40;152979;"c41ce90e-2421-11e7-a02d-c1c81e3148db";"c4dd30b0-2421-11e7-a02d-c1c81e3148db"
3534;"4272286";15.2.2013 00.00.00;30.12.1899 00.20.00;2;1;2013,00;44,00;"F";1,00;1,00;485,00;72,40;;200,00;;452348,00;7142801,00;24,25;5,00;30,30;152844;"c41d103a-2421-11e7-a02d-c1c81e3148db";"c4dd57f0-2421-11e7-a02d-c1c81e3148db"
3535;"4271271";13.2.2013 00.00.00;30.12.1899 16.00.00;1;2;2012,00;44,00;"F";1,00;2,00;570,00;76,00;205,00;204,00;1,00;452984,00;7142166,00;27,87;7,20;31,10;152238;"c418c7a0-2421-11e7-a02d-c1c81e3148db";"c4dd57f1-2421-11e7-a02d-c1c81e3148db"
3536;"4271255";7.3.2013 00.00.00;30.12.1899 17.00.00;1;2;2012,00;44,00;"F";1,00;2,00;425,00;66,00;190,00;189,00;;452957,00;7142981,00;22,42;6,40;23,10;152311;"c41a9da1-2421-11e7-a02d-c1c81e3148db";"c4dd57f2-2421-11e7-a02d-c1c81e3148db"
3537;"4271271";7.3.2013 00.00.00;30.12.1899 17.00.00;1;2;2012,00;44,00;"F";1,00;2,00;570,00;76,00;205,00;204,00;1,00;451713,00;7142661,00;27,87;7,20;31,10;152238;"c418c7a0-2421-11e7-a02d-c1c81e3148db";"c4dd7f00-2421-11e7-a02d-c1c81e3148db"
3538;"4272251";7.3.2013 00.00.00;30.12.1899 17.00.00;1;2;2013,00;44,00;"F";2,00;2,00;470,00;70,30;189,00;189,00;;451418,00;7143658,00;24,86;;;152370;"c41b3a44-2421-11e7-a02d-c1c81e3148db";"c4dd7f01-2421-11e7-a02d-c1c81e3148db"
3539;"4272251";9.3.2013 00.00.00;30.12.1899 12.00.00;1;2;2013,00;44,00;"F";2,00;2,00;470,00;70,30;189,00;189,00;;451418,00;7143658,00;24,86;;;152370;"c41b3a44-2421-11e7-a02d-c1c81e3148db";"c4dd7f02-2421-11e7-a02d-c1c81e3148db"
3540;"4272252";7.3.2013 00.00.00;30.12.1899 17.00.00;1;2;2013,00;44,00;"F";2,00;1,00;500,00;69,90;199,00;201,00;3,00;451418,00;7143658,00;25,00;;;152540;"c41b3a45-2421-11e7-a02d-c1c81e3148db";"c4dda64c-2421-11e7-a02d-c1c81e3148db"
3542;"4272257";8.3.2013 00.00.00;30.12.1899 17.00.00;1;2;2013,00;44,00;"F";2,00;1,00;495,00;67,70;193,00;193,00;;451823,00;7142308,00;25,64;;;152448;"c41b888d-2421-11e7-a02d-c1c81e3148db";"c4dda64d-2421-11e7-a02d-c1c81e3148db"
3543;"4272259";8.3.2013 00.00.00;30.12.1899 13.00.00;5;2;2013,00;44,00;"F";1,00;1,00;525,00;76,40;210,00;210,00;2,00;457898,00;7140081,00;25,00;7,30;29,00;152903;"c41bafba-2421-11e7-a02d-c1c81e3148db";"c4dda64e-2421-11e7-a02d-c1c81e3148db"
3544;"4272260";7.3.2013 00.00.00;30.12.1899 17.00.00;1;2;2013,00;44,00;"F";1,00;1,00;605,00;76,90;206,00;208,00;;451713,00;7142661,00;29,22;7,60;34,20;152268;"c41bafbb-2421-11e7-a02d-c1c81e3148db";"c4ddcd8e-2421-11e7-a02d-c1c81e3148db"
3545;"4272262";8.3.2013 00.00.00;30.12.1899 12.00.00;3;1;2013,00;44,00;"F";2,00;2,00;460,00;71,50;197,00;197,00;2,00;454793,00;7141733,00;23,35;;;152479;"c41bd6de-2421-11e7-a02d-c1c81e3148db";"c4ddcd8f-2421-11e7-a02d-c1c81e3148db"
3546;"4272263";8.3.2013 00.00.00;30.12.1899 10.50.00;1;2;2013,00;44,00;"F";2,00;1,00;515,00;71,10;195,00;196,00;2,00;454883,00;7140861,00;26,34;;;152520;"c41bd6df-2421-11e7-a02d-c1c81e3148db";"c4ddcd90-2421-11e7-a02d-c1c81e3148db"
3547;"4272264";8.3.2013 00.00.00;30.12.1899 10.50.00;1;2;2013,00;44,00;"F";2,00;1,00;490,00;67,00;194,00;195,00;;455868,00;7141013,00;25,19;;;152178;"c41bd6e0-2421-11e7-a02d-c1c81e3148db";"c4ddf368-2421-11e7-a02d-c1c81e3148db"
3548;"4272266";7.3.2013 00.00.00;30.12.1899 17.00.00;1;2;2013,00;44,00;"F";1,00;1,00;605,00;73,90;203,00;203,00;;451418,00;7143658,00;29,80;5,90;27,80;152051;"c41bfe0d-2421-11e7-a02d-c1c81e3148db";"c4ddf369-2421-11e7-a02d-c1c81e3148db"
3549;"4272268";8.3.2013 00.00.00;30.12.1899 14.54.00;3;1;2013,00;44,00;"F";2,00;2,00;420,00;64,70;187,00;189,00;2,00;453042,00;7143410,00;22,34;;;152061;"c41c253a-2421-11e7-a02d-c1c81e3148db";"c4de1bb8-2421-11e7-a02d-c1c81e3148db"
3550;"4272269";8.3.2013 00.00.00;30.12.1899 10.50.00;1;2;2013,00;44,00;"F";1,00;1,00;545,00;74,60;208,00;210,00;;455868,00;7141013,00;26,07;8,40;31,00;152277;"c41c253b-2421-11e7-a02d-c1c81e3148db";"c4de1bb9-2421-11e7-a02d-c1c81e3148db"
3551;"4272271";7.3.2013 00.00.00;30.12.1899 17.00.00;1;2;2013,00;44,00;"F";1,00;1,00;570,00;75,10;210,00;210,00;;451713,00;7142661,00;27,14;8,10;29,00;152044;"c41c4c68-2421-11e7-a02d-c1c81e3148db";"c4de1bba-2421-11e7-a02d-c1c81e3148db"
3552;"4272272";8.3.2013 00.00.00;30.12.1899 10.50.00;1;2;2013,00;44,00;"F";1,00;2,00;525,00;75,60;200,00;200,00;;455868,00;7141013,00;26,25;6,50;27,30;152151;"c41c4c69-2421-11e7-a02d-c1c81e3148db";"c4de42f0-2421-11e7-a02d-c1c81e3148db"
3553;"4272273";7.3.2013 00.00.00;30.12.1899 17.00.00;1;2;2013,00;44,00;"F";1,00;2,00;470,00;71,70;196,00;195,00;;451418,00;7143658,00;24,04;4,00;26,80;152079;"c41c4c6a-2421-11e7-a02d-c1c81e3148db";"c4de42f1-2421-11e7-a02d-c1c81e3148db"
3554;"4272274";7.3.2013 00.00.00;30.12.1899 17.00.00;1;2;2013,00;44,00;"F";2,00;1,00;535,00;69,50;200,00;199,00;;454908,00;7144064,00;26,81;;;152827;"c41c738c-2421-11e7-a02d-c1c81e3148db";"c4de42f2-2421-11e7-a02d-c1c81e3148db"
3555;"4272275";8.3.2013 00.00.00;30.12.1899 18.00.00;1;1;2013,00;44,00;"F";2,00;1,00;485,00;69,40;193,00;192,00;;453416,00;7138921,00;25,19;;;152440;"c41c738d-2421-11e7-a02d-c1c81e3148db";"c4de6a00-2421-11e7-a02d-c1c81e3148db"
3556;"4272277";7.3.2013 00.00.00;30.12.1899 17.00.00;1;2;2013,00;44,00;"F";2,00;2,00;475,00;67,80;190,00;190,00;3,00;452589,00;7141858,00;25,00;;;152088;"c41c9aba-2421-11e7-a02d-c1c81e3148db";"c4de6a01-2421-11e7-a02d-c1c81e3148db"
3557;"4272279";9.3.2013 00.00.00;30.12.1899 11.40.00;1;2;2013,00;44,00;"F";1,00;1,00;550,00;76,00;208,00;209,00;;448190,00;7143314,00;26,37;4,40;29,90;152772;"c41c9abc-2421-11e7-a02d-c1c81e3148db";"c4de6a02-2421-11e7-a02d-c1c81e3148db"
3558;"4272283";7.3.2013 00.00.00;30.12.1899 17.00.00;1;2;2013,00;44,00;"F";1,00;2,00;585,00;73,20;207,00;207,00;;453515,00;7142940,00;28,26;8,50;33,50;152736;"c41ce90c-2421-11e7-a02d-c1c81e3148db";"c4de9142-2421-11e7-a02d-c1c81e3148db"
3559;"4272285";7.3.2013 00.00.00;30.12.1899 17.00.00;1;2;2013,00;44,00;"F";1,00;1,00;565,00;76,00;212,00;212,00;;451418,00;7143658,00;26,65;8,40;31,40;152979;"c41ce90e-2421-11e7-a02d-c1c81e3148db";"c4de9143-2421-11e7-a02d-c1c81e3148db"
3560;"4272286";7.3.2013 00.00.00;30.12.1899 17.00.00;1;2;2013,00;44,00;"F";1,00;1,00;485,00;72,40;;200,00;;453515,00;7142940,00;24,25;5,00;30,30;152844;"c41d103a-2421-11e7-a02d-c1c81e3148db";"c4de9144-2421-11e7-a02d-c1c81e3148db"
3561;"4272254";21.3.2013 00.00.00;30.12.1899 15.30.01;1;3;2013,00;44,00;"F";2,00;1,00;505,00;69,70;193,00;192,00;3,00;460318,00;7140306,00;26,23;;;152016;"c41b6168-2421-11e7-a02d-c1c81e3148db";"c4deb73a-2421-11e7-a02d-c1c81e3148db"
3562;"4272271";21.3.2013 00.00.00;30.12.1899 14.25.12;1;3;2013,00;44,00;"F";1,00;1,00;570,00;75,10;210,00;210,00;;449839,00;7146725,00;27,14;8,10;29,00;152044;"c41c4c68-2421-11e7-a02d-c1c81e3148db";"c4deb73b-2421-11e7-a02d-c1c81e3148db"
3563;"4272266";21.3.2013 00.00.00;30.12.1899 14.40.47;1;3;2013,00;44,00;"F";1,00;1,00;605,00;73,90;203,00;203,00;;448024,00;7143162,00;29,80;5,90;27,80;152051;"c41bfe0d-2421-11e7-a02d-c1c81e3148db";"c4deb73c-2421-11e7-a02d-c1c81e3148db"
3564;"4272273";21.3.2013 00.00.00;30.12.1899 14.28.50;1;3;2013,00;44,00;"F";1,00;2,00;470,00;71,70;196,00;195,00;;449382,00;7143845,00;24,04;4,00;26,80;152079;"c41c4c6a-2421-11e7-a02d-c1c81e3148db";"c4dedf9e-2421-11e7-a02d-c1c81e3148db"
3565;"4272277";21.3.2013 00.00.00;30.12.1899 14.56.34;1;3;2013,00;44,00;"F";2,00;2,00;475,00;67,80;190,00;190,00;3,00;451863,00;7143516,00;25,00;;;152088;"c41c9aba-2421-11e7-a02d-c1c81e3148db";"c4dedf9f-2421-11e7-a02d-c1c81e3148db"
3566;"4272272";21.3.2013 00.00.00;30.12.1899 15.26.18;1;3;2013,00;44,00;"F";1,00;2,00;525,00;75,60;200,00;200,00;;459498,00;7137953,00;26,25;6,50;27,30;152151;"c41c4c69-2421-11e7-a02d-c1c81e3148db";"c4dedfa0-2421-11e7-a02d-c1c81e3148db"
3567;"4272264";21.3.2013 00.00.00;30.12.1899 14.55.24;1;3;2013,00;44,00;"F";2,00;1,00;490,00;67,00;194,00;195,00;;454260,00;7141278,00;25,19;;;152178;"c41bd6e0-2421-11e7-a02d-c1c81e3148db";"c4df06ae-2421-11e7-a02d-c1c81e3148db"
3568;"4271271";21.3.2013 00.00.00;30.12.1899 13.39.06;1;3;2012,00;44,00;"F";1,00;2,00;570,00;76,00;205,00;204,00;1,00;390381,00;7102716,00;27,87;7,20;31,10;152238;"c418c7a0-2421-11e7-a02d-c1c81e3148db";"c4df06af-2421-11e7-a02d-c1c81e3148db"
3569;"4272260";21.3.2013 00.00.00;30.12.1899 14.16.55;1;3;2013,00;44,00;"F";1,00;1,00;605,00;76,90;206,00;208,00;;447720,00;7141256,00;29,22;7,60;34,20;152268;"c41bafbb-2421-11e7-a02d-c1c81e3148db";"c4df2cba-2421-11e7-a02d-c1c81e3148db"
3570;"4272269";21.3.2013 00.00.00;30.12.1899 14.50.15;1;3;2013,00;44,00;"F";1,00;1,00;545,00;74,60;208,00;210,00;;452310,00;7141463,00;26,07;8,40;31,00;152277;"c41c253b-2421-11e7-a02d-c1c81e3148db";"c4df2cbb-2421-11e7-a02d-c1c81e3148db"
3571;"4271255";21.3.2013 00.00.00;30.12.1899 14.25.57;1;3;2012,00;44,00;"F";1,00;2,00;425,00;66,00;190,00;189,00;;449185,00;7144972,00;22,42;6,40;23,10;152311;"c41a9da1-2421-11e7-a02d-c1c81e3148db";"c4df53f2-2421-11e7-a02d-c1c81e3148db"
3572;"4272270";21.3.2013 00.00.00;30.12.1899 14.19.06;1;3;2013,00;44,00;"F";1,00;1,00;530,00;72,10;207,00;207,00;;447365,00;7142777,00;25,60;7,90;31,30;152329;"c41c253c-2421-11e7-a02d-c1c81e3148db";"c4df53f3-2421-11e7-a02d-c1c81e3148db"
3573;"4272251";21.3.2013 00.00.00;30.12.1899 14.21.01;1;3;2013,00;44,00;"F";2,00;2,00;470,00;70,30;189,00;189,00;;447565,00;7142973,00;24,86;;;152370;"c41b3a44-2421-11e7-a02d-c1c81e3148db";"c4df53f4-2421-11e7-a02d-c1c81e3148db"
3574;"4272275";21.3.2013 00.00.00;30.12.1899 14.41.58;1;3;2013,00;44,00;"F";2,00;1,00;485,00;69,40;193,00;192,00;;450042,00;7144621,00;25,19;;;152440;"c41c738d-2421-11e7-a02d-c1c81e3148db";"c4df7c4c-2421-11e7-a02d-c1c81e3148db"
3575;"4272257";21.3.2013 00.00.00;30.12.1899 14.52.55;1;3;2013,00;44,00;"F";2,00;1,00;495,00;67,70;193,00;193,00;;451967,00;7143402,00;25,64;;;152448;"c41b888d-2421-11e7-a02d-c1c81e3148db";"c4df7c4d-2421-11e7-a02d-c1c81e3148db"
3576;"4272263";21.3.2013 00.00.00;30.12.1899 14.28.11;1;3;2013,00;44,00;"F";2,00;1,00;515,00;71,10;195,00;196,00;2,00;461161,00;7140632,00;26,34;;;152520;"c41bd6df-2421-11e7-a02d-c1c81e3148db";"c4df7c4e-2421-11e7-a02d-c1c81e3148db"
3577;"4272252";21.3.2013 00.00.00;30.12.1899 14.23.17;1;3;2013,00;44,00;"F";2,00;1,00;500,00;69,90;199,00;201,00;3,00;447999,00;7142863,00;25,00;;;152540;"c41b3a45-2421-11e7-a02d-c1c81e3148db";"c4dfa366-2421-11e7-a02d-c1c81e3148db"
3578;"4272283";21.3.2013 00.00.00;30.12.1899 14.30.22;1;3;2013,00;44,00;"F";1,00;2,00;585,00;73,20;207,00;207,00;;446763,00;7142097,00;28,26;8,50;33,50;152736;"c41ce90c-2421-11e7-a02d-c1c81e3148db";"c4dfa367-2421-11e7-a02d-c1c81e3148db"
3579;"4272253";21.3.2013 00.00.00;30.12.1899 14.48.16;5;3;2013,00;44,00;"F";1,00;1,00;595,00;73,40;211,00;210,00;2,00;450237,00;7141251,00;28,26;10,00;34,60;152741;"c41b3a46-2421-11e7-a02d-c1c81e3148db";"c4dfa368-2421-11e7-a02d-c1c81e3148db"
3580;"4272278";21.3.2013 00.00.00;30.12.1899 14.27.26;1;3;2013,00;44,00;"F";2,00;1,00;500,00;67,30;190,00;190,00;1,00;446781,00;7141933,00;26,31;;;152746;"c41c9abb-2421-11e7-a02d-c1c81e3148db";"c4dfca94-2421-11e7-a02d-c1c81e3148db"
3581;"4272279";21.3.2013 00.00.00;30.12.1899 14.23.54;1;3;2013,00;44,00;"F";1,00;1,00;550,00;76,00;208,00;209,00;;447867,00;7144498,00;26,37;4,40;29,90;152772;"c41c9abc-2421-11e7-a02d-c1c81e3148db";"c4dfca95-2421-11e7-a02d-c1c81e3148db"
3582;"4272282";21.3.2013 00.00.00;30.12.1899 15.17.59;1;3;2013,00;44,00;"F";2,00;1,00;520,00;70,20;197,00;198,00;;455690,00;7142094,00;26,32;;;152791;"c41cc1e0-2421-11e7-a02d-c1c81e3148db";"c4dfca96-2421-11e7-a02d-c1c81e3148db"
3583;"4272286";21.3.2013 00.00.00;30.12.1899 14.33.25;1;3;2013,00;44,00;"F";1,00;1,00;485,00;72,40;;200,00;;448690,00;7143618,00;24,25;5,00;30,30;152844;"c41d103a-2421-11e7-a02d-c1c81e3148db";"c4dff1b8-2421-11e7-a02d-c1c81e3148db"
3584;"4271281";21.3.2013 00.00.00;30.12.1899 14.45.04;1;3;2012,00;44,00;"F";2,00;2,00;490,00;71,00;196,00;200,00;3,00;449617,00;7140180,00;24,74;;;152879;"c41a00f4-2421-11e7-a02d-c1c81e3148db";"c4dff1b9-2421-11e7-a02d-c1c81e3148db"
3585;"4272285";21.3.2013 00.00.00;30.12.1899 14.59.21;1;3;2013,00;44,00;"F";1,00;1,00;565,00;76,00;212,00;212,00;;452645,00;7141126,00;26,65;8,40;31,40;152979;"c41ce90e-2421-11e7-a02d-c1c81e3148db";"c4dff1ba-2421-11e7-a02d-c1c81e3148db"
3586;"4272271";11.4.2013 00.00.00;30.12.1899 12.45.52;1;3;2013,00;44,00;"F";1,00;1,00;570,00;75,10;210,00;210,00;;457164,00;7145852,00;27,14;8,10;29,00;152044;"c41c4c68-2421-11e7-a02d-c1c81e3148db";"c4e018f0-2421-11e7-a02d-c1c81e3148db"
3587;"4272266";11.4.2013 00.00.00;30.12.1899 12.22.35;1;3;2013,00;44,00;"F";1,00;1,00;605,00;73,90;203,00;203,00;;450976,00;7144874,00;29,80;5,90;27,80;152051;"c41bfe0d-2421-11e7-a02d-c1c81e3148db";"c4e018f1-2421-11e7-a02d-c1c81e3148db"
3588;"4272273";11.4.2013 00.00.00;30.12.1899 12.09.03;1;3;2013,00;44,00;"F";1,00;2,00;470,00;71,70;196,00;195,00;;449575,00;7144855,00;24,04;4,00;26,80;152079;"c41c4c6a-2421-11e7-a02d-c1c81e3148db";"c4e018f2-2421-11e7-a02d-c1c81e3148db"
3589;"4272277";11.4.2013 00.00.00;30.12.1899 12.12.35;1;3;2013,00;44,00;"F";2,00;2,00;475,00;67,80;190,00;190,00;3,00;450047,00;7144344,00;25,00;;;152088;"c41c9aba-2421-11e7-a02d-c1c81e3148db";"c4e0400a-2421-11e7-a02d-c1c81e3148db"
3590;"4272272";11.4.2013 00.00.00;30.12.1899 12.32.17;1;3;2013,00;44,00;"F";1,00;2,00;525,00;75,60;200,00;200,00;;455212,00;7137388,00;26,25;6,50;27,30;152151;"c41c4c69-2421-11e7-a02d-c1c81e3148db";"c4e0400b-2421-11e7-a02d-c1c81e3148db"
3591;"4272264";11.4.2013 00.00.00;30.12.1899 12.58.02;1;3;2013,00;44,00;"F";2,00;1,00;490,00;67,00;194,00;195,00;;459875,00;7139519,00;25,19;;;152178;"c41bd6e0-2421-11e7-a02d-c1c81e3148db";"c4e06616-2421-11e7-a02d-c1c81e3148db"
3592;"4271284";11.4.2013 00.00.00;30.12.1899 11.49.18;1;3;2012,00;44,00;"F";1,00;2,00;615,00;79,00;;;1,00;429169,00;7130613,00;;7,80;32,20;152229;"c418a060-2421-11e7-a02d-c1c81e3148db";"c4e06617-2421-11e7-a02d-c1c81e3148db"
3593;"4271271";11.4.2013 00.00.00;30.12.1899 11.08.51;1;3;2012,00;44,00;"F";1,00;2,00;570,00;76,00;205,00;204,00;1,00;390716,00;7102619,00;27,87;7,20;31,10;152238;"c418c7a0-2421-11e7-a02d-c1c81e3148db";"c4e06618-2421-11e7-a02d-c1c81e3148db"
3594;"4272269";11.4.2013 00.00.00;30.12.1899 13.38.41;1;3;2013,00;44,00;"F";1,00;1,00;545,00;74,60;208,00;210,00;;457629,00;7133980,00;26,07;8,40;31,00;152277;"c41c253b-2421-11e7-a02d-c1c81e3148db";"c4e08d3a-2421-11e7-a02d-c1c81e3148db"
3595;"4271255";11.4.2013 00.00.00;30.12.1899 12.30.56;1;3;2012,00;44,00;"F";1,00;2,00;425,00;66,00;190,00;189,00;;453137,00;7139822,00;22,42;6,40;23,10;152311;"c41a9da1-2421-11e7-a02d-c1c81e3148db";"c4e08d3b-2421-11e7-a02d-c1c81e3148db"
3596;"4272270";11.4.2013 00.00.00;30.12.1899 12.01.57;1;3;2013,00;44,00;"F";1,00;1,00;530,00;72,10;207,00;207,00;;445561,00;7138040,00;25,60;7,90;31,30;152329;"c41c253c-2421-11e7-a02d-c1c81e3148db";"c4e08d3c-2421-11e7-a02d-c1c81e3148db"
3597;"4272251";11.4.2013 00.00.00;30.12.1899 12.13.13;1;3;2013,00;44,00;"F";2,00;2,00;470,00;70,30;189,00;189,00;;450740,00;7146015,00;24,86;;;152370;"c41b3a44-2421-11e7-a02d-c1c81e3148db";"c4e0b5a8-2421-11e7-a02d-c1c81e3148db"
3598;"4272275";11.4.2013 00.00.00;30.12.1899 12.25.53;1;3;2013,00;44,00;"F";2,00;1,00;485,00;69,40;193,00;192,00;;451013,00;7143619,00;25,19;;;152440;"c41c738d-2421-11e7-a02d-c1c81e3148db";"c4e0b5a9-2421-11e7-a02d-c1c81e3148db"
3599;"4272257";11.4.2013 00.00.00;30.12.1899 12.13.54;1;3;2013,00;44,00;"F";2,00;1,00;495,00;67,70;193,00;193,00;;449409,00;7146037,00;25,64;;;152448;"c41b888d-2421-11e7-a02d-c1c81e3148db";"c4e0b5aa-2421-11e7-a02d-c1c81e3148db"
3600;"4272263";11.4.2013 00.00.00;30.12.1899 12.37.26;1;3;2013,00;44,00;"F";2,00;1,00;515,00;71,10;195,00;196,00;2,00;459157,00;7139498,00;26,34;;;152520;"c41bd6df-2421-11e7-a02d-c1c81e3148db";"c4e0dcb8-2421-11e7-a02d-c1c81e3148db"
3601;"4272252";11.4.2013 00.00.00;30.12.1899 12.04.41;1;3;2013,00;44,00;"F";2,00;1,00;500,00;69,90;199,00;201,00;3,00;445307,00;7142285,00;25,00;;;152540;"c41b3a45-2421-11e7-a02d-c1c81e3148db";"c4e0dcb9-2421-11e7-a02d-c1c81e3148db"
3602;"4272283";11.4.2013 00.00.00;30.12.1899 12.06.14;1;3;2013,00;44,00;"F";1,00;2,00;585,00;73,20;207,00;207,00;;447679,00;7145098,00;28,26;8,50;33,50;152736;"c41ce90c-2421-11e7-a02d-c1c81e3148db";"c4e0dcba-2421-11e7-a02d-c1c81e3148db"
3603;"4272278";11.4.2013 00.00.00;30.12.1899 12.14.34;1;3;2013,00;44,00;"F";2,00;1,00;500,00;67,30;190,00;190,00;1,00;450856,00;7146523,00;26,31;;;152746;"c41c9abb-2421-11e7-a02d-c1c81e3148db";"c4e103fa-2421-11e7-a02d-c1c81e3148db"
3604;"4272282";11.4.2013 00.00.00;30.12.1899 12.36.29;1;3;2013,00;44,00;"F";2,00;1,00;520,00;70,20;197,00;198,00;;458684,00;7137316,00;26,32;;;152791;"c41cc1e0-2421-11e7-a02d-c1c81e3148db";"c4e103fb-2421-11e7-a02d-c1c81e3148db"
3605;"4272286";11.4.2013 00.00.00;30.12.1899 12.31.41;1;3;2013,00;44,00;"F";1,00;1,00;485,00;72,40;;200,00;;454032,00;7138355,00;24,25;5,00;30,30;152844;"c41d103a-2421-11e7-a02d-c1c81e3148db";"c4e129e8-2421-11e7-a02d-c1c81e3148db"
3606;"4271281";11.4.2013 00.00.00;30.12.1899 13.30.23;5;3;2012,00;44,00;"F";2,00;2,00;490,00;71,00;196,00;200,00;3,00;460433,00;7134432,00;24,74;;;152879;"c41a00f4-2421-11e7-a02d-c1c81e3148db";"c4e129e9-2421-11e7-a02d-c1c81e3148db"
3607;"4272259";18.4.2013 00.00.00;;3;1;2013,00;44,00;"F";1,00;1,00;525,00;76,40;210,00;210,00;2,00;458210,00;7138992,00;25,00;7,30;29,00;152903;"c41bafba-2421-11e7-a02d-c1c81e3148db";"c4e129ea-2421-11e7-a02d-c1c81e3148db"
3608;"4272253";18.4.2013 00.00.00;;3;1;2013,00;44,00;"F";1,00;1,00;595,00;73,40;211,00;210,00;2,00;452956,00;7141052,00;28,26;10,00;34,60;152741;"c41b3a46-2421-11e7-a02d-c1c81e3148db";"c4e1524c-2421-11e7-a02d-c1c81e3148db"
3610;"4271255";23.7.2013 00.00.00;30.12.1899 16.31.00;1;1;2012,00;44,00;"F";1,00;2,00;425,00;66,00;190,00;189,00;;449144,00;7137058,00;22,42;6,40;23,10;152311;"c41a9da1-2421-11e7-a02d-c1c81e3148db";"c4e1524d-2421-11e7-a02d-c1c81e3148db"
3611;"4271271";28.5.2013 00.00.00;30.12.1899 13.54.00;1;3;2012,00;44,00;"F";1,00;2,00;570,00;76,00;205,00;204,00;1,00;390783,00;7102823,00;27,87;7,20;31,10;152238;"c418c7a0-2421-11e7-a02d-c1c81e3148db";"c4e1524e-2421-11e7-a02d-c1c81e3148db"
3612;"4271271";23.7.2013 00.00.00;30.12.1899 12.03.00;1;1;2012,00;44,00;"F";1,00;2,00;570,00;76,00;205,00;204,00;1,00;389794,00;7103814,00;27,87;7,20;31,10;152238;"c418c7a0-2421-11e7-a02d-c1c81e3148db";"c4e1795c-2421-11e7-a02d-c1c81e3148db"
3613;"4271281";28.5.2013 00.00.00;30.12.1899 15.42.00;5;3;2012,00;44,00;"F";2,00;2,00;490,00;71,00;196,00;200,00;3,00;458476,00;7131312,00;24,74;;;152879;"c41a00f4-2421-11e7-a02d-c1c81e3148db";"c4e1795d-2421-11e7-a02d-c1c81e3148db"
3614;"4271284";23.7.2013 00.00.00;30.12.1899 13.03.00;1;1;2012,00;44,00;"F";1,00;2,00;615,00;79,00;;;1,00;428218,00;7131105,00;;7,80;32,20;152229;"c418a060-2421-11e7-a02d-c1c81e3148db";"c4e1795e-2421-11e7-a02d-c1c81e3148db"
3615;"4272251";23.7.2013 00.00.00;30.12.1899 13.13.00;1;1;2013,00;44,00;"F";2,00;2,00;470,00;70,30;189,00;189,00;;431494,00;7129867,00;24,86;;;152370;"c41b3a44-2421-11e7-a02d-c1c81e3148db";"c4e19f54-2421-11e7-a02d-c1c81e3148db"
3616;"4272252";28.5.2013 00.00.00;30.12.1899 14.55.00;1;3;2013,00;44,00;"F";2,00;1,00;500,00;69,90;199,00;201,00;3,00;457611,00;7137040,00;25,00;;;152541;"c41b3a45-2421-11e7-a02d-c1c81e3148db";"c4e19f55-2421-11e7-a02d-c1c81e3148db"
3617;"4272252";20.6.2013 00.00.00;30.12.1899 10.05.00;5;2;2013,00;44,00;"F";2,00;1,00;500,00;69,90;199,00;201,00;3,00;453639,00;7145005,00;25,00;;;152541;"c41b3a45-2421-11e7-a02d-c1c81e3148db";"c4e19f56-2421-11e7-a02d-c1c81e3148db"
3618;"4272254";23.7.2013 00.00.00;30.12.1899 15.38.00;5;3;2013,00;44,00;"F";2,00;1,00;505,00;69,70;193,00;192,00;3,00;475022,00;7109880,00;26,23;;;152016;"c41b6168-2421-11e7-a02d-c1c81e3148db";"c4e1c68c-2421-11e7-a02d-c1c81e3148db"
3619;"4272263";28.5.2013 00.00.00;30.12.1899 15.28.00;5;3;2013,00;44,00;"F";2,00;1,00;515,00;71,10;195,00;196,00;2,00;457436,00;7142335,00;26,34;;;152520;"c41bd6df-2421-11e7-a02d-c1c81e3148db";"c4e1c68d-2421-11e7-a02d-c1c81e3148db"
3620;"4272263";2.7.2013 00.00.00;30.12.1899 12.00.00;4;1;2013,00;44,00;"F";2,00;1,00;515,00;71,10;195,00;196,00;2,00;457312,00;7142192,00;26,34;;;152520;"c41bd6df-2421-11e7-a02d-c1c81e3148db";"c4e1eefa-2421-11e7-a02d-c1c81e3148db"
3621;"4272264";23.7.2013 00.00.00;30.12.1899 15.47.00;1;3;2013,00;44,00;"F";2,00;1,00;490,00;67,00;194,00;195,00;;457637,00;7122674,00;25,19;;;152178;"c41bd6e0-2421-11e7-a02d-c1c81e3148db";"c4e1eefb-2421-11e7-a02d-c1c81e3148db"
3622;"4272264";29.7.2013 00.00.00;30.12.1899 12.00.00;1;1;2013,00;44,00;"F";2,00;1,00;490,00;67,00;194,00;195,00;;456596,00;7122630,00;25,19;;;152178;"c41bd6e0-2421-11e7-a02d-c1c81e3148db";"c4e1eefc-2421-11e7-a02d-c1c81e3148db"
3623;"4272264";30.7.2013 00.00.00;30.12.1899 12.00.00;1;1;2013,00;44,00;"F";2,00;1,00;490,00;67,00;194,00;195,00;;457656,00;7123140,00;25,19;;;152178;"c41bd6e0-2421-11e7-a02d-c1c81e3148db";"c4e21600-2421-11e7-a02d-c1c81e3148db"
3624;"4272264";31.7.2013 00.00.00;30.12.1899 12.00.00;1;1;2013,00;44,00;"F";2,00;1,00;490,00;67,00;194,00;195,00;;456834,00;7123447,00;25,19;;;152178;"c41bd6e0-2421-11e7-a02d-c1c81e3148db";"c4e21601-2421-11e7-a02d-c1c81e3148db"
3625;"4272266";28.5.2013 00.00.00;30.12.1899 14.42.00;1;3;2013,00;44,00;"F";1,00;1,00;605,00;73,90;203,00;203,00;;450023,00;7141711,00;29,80;5,90;27,80;152051;"c41bfe0d-2421-11e7-a02d-c1c81e3148db";"c4e21602-2421-11e7-a02d-c1c81e3148db"
3626;"4272266";23.7.2013 00.00.00;30.12.1899 16.10.00;1;3;2013,00;44,00;"F";1,00;1,00;605,00;73,90;203,00;203,00;;445019,00;7136234,00;29,80;5,90;27,80;152051;"c41bfe0d-2421-11e7-a02d-c1c81e3148db";"c4e23d42-2421-11e7-a02d-c1c81e3148db"
3627;"4272269";28.5.2013 00.00.00;30.12.1899 16.53.00;1;3;2013,00;44,00;"F";1,00;1,00;545,00;74,60;208,00;210,00;;457009,00;7135050,00;26,07;8,40;31,00;152278;"c41c253b-2421-11e7-a02d-c1c81e3148db";"c4e23d43-2421-11e7-a02d-c1c81e3148db"
3628;"4272270";18.6.2013 00.00.00;30.12.1899 16.00.00;1;1;2013,00;44,00;"F";1,00;1,00;530,00;72,10;207,00;207,00;;449672,00;7141070,00;25,60;7,90;31,30;152329;"c41c253c-2421-11e7-a02d-c1c81e3148db";"c4e23d44-2421-11e7-a02d-c1c81e3148db"
3629;"4272270";20.6.2013 00.00.00;30.12.1899 12.00.00;1;1;2013,00;44,00;"F";1,00;1,00;530,00;72,10;207,00;207,00;;453298,00;7142961,00;25,60;7,90;31,30;152329;"c41c253c-2421-11e7-a02d-c1c81e3148db";"c4e26470-2421-11e7-a02d-c1c81e3148db"
3630;"4272270";23.7.2013 00.00.00;30.12.1899 16.16.00;1;3;2013,00;44,00;"F";1,00;1,00;530,00;72,10;207,00;207,00;;448395,00;7137762,00;25,60;7,90;31,30;152329;"c41c253c-2421-11e7-a02d-c1c81e3148db";"c4e26471-2421-11e7-a02d-c1c81e3148db"
3631;"4272273";28.5.2013 00.00.00;30.12.1899 15.36.00;1;3;2013,00;44,00;"F";1,00;2,00;470,00;71,70;196,00;195,00;;457110,00;7134156,00;24,04;4,00;26,80;152079;"c41c4c6a-2421-11e7-a02d-c1c81e3148db";"c4e26472-2421-11e7-a02d-c1c81e3148db"
3632;"4272273";23.7.2013 00.00.00;30.12.1899 14.48.00;1;3;2013,00;44,00;"F";1,00;2,00;470,00;71,70;196,00;195,00;;456685,00;7134473,00;24,04;4,00;26,80;152079;"c41c4c6a-2421-11e7-a02d-c1c81e3148db";"c4e28bb2-2421-11e7-a02d-c1c81e3148db"
3633;"4272276";24.2.2013 00.00.00;30.12.1899 12.00.00;0;1;2013,00;44,00;"F";1,00;1,00;545,00;72,00;199,00;200,00;1,00;451555,00;7142550,00;27,31;8,20;32,50;152321;"c41c738e-2421-11e7-a02d-c1c81e3148db";"c4e28bb3-2421-11e7-a02d-c1c81e3148db"
3634;"4272277";28.5.2013 00.00.00;30.12.1899 15.50.00;5;3;2013,00;44,00;"F";2,00;2,00;475,00;67,80;190,00;190,00;3,00;458491,00;7119368,00;25,00;;;152088;"c41c9aba-2421-11e7-a02d-c1c81e3148db";"c4e28bb4-2421-11e7-a02d-c1c81e3148db"
3635;"4272277";23.7.2013 00.00.00;30.12.1899 15.24.00;5;3;2013,00;44,00;"F";2,00;2,00;475,00;67,80;190,00;190,00;3,00;471769,00;7103108,00;25,00;;;152088;"c41c9aba-2421-11e7-a02d-c1c81e3148db";"c4e2b18c-2421-11e7-a02d-c1c81e3148db"
3636;"4272278";30.8.2013 00.00.00;30.12.1899 00.00.00;0;2;2013,00;44,00;"F";2,00;1,00;500,00;67,30;190,00;190,00;1,00;415976,00;7108112,00;26,31;;;152746;"c41c9abb-2421-11e7-a02d-c1c81e3148db";"c4e2b18d-2421-11e7-a02d-c1c81e3148db"
3637;"4272286";28.5.2013 00.00.00;30.12.1899 15.01.00;1;3;2013,00;44,00;"F";1,00;1,00;485,00;72,40;;200,00;;454023,00;7136574,00;24,25;5,00;30,30;152844;"c41d103a-2421-11e7-a02d-c1c81e3148db";"c4e2d8ba-2421-11e7-a02d-c1c81e3148db"
3638;"4272286";23.7.2013 00.00.00;30.12.1899 16.22.00;1;3;2013,00;44,00;"F";1,00;1,00;485,00;72,40;;200,00;;452702,00;7134697,00;24,25;5,00;30,30;152844;"c41d103a-2421-11e7-a02d-c1c81e3148db";"c4e2d8bb-2421-11e7-a02d-c1c81e3148db"
3643;"4271284";12.9.2014 00.00.00;;0;1;2012,00;44,00;"F";1,00;2,00;615,00;79,00;;;1,00;429177,00;7130919,00;;7,80;32,20;152229;"c418a060-2421-11e7-a02d-c1c81e3148db";"c4e32842-2421-11e7-a02d-c1c81e3148db"
3644;"4271271";17.9.2014 00.00.00;;0;1;2012,00;44,00;"F";1,00;2,00;570,00;76,00;205,00;204,00;1,00;448886,00;7138896,00;27,87;7,20;31,10;152238;"c418c7a0-2421-11e7-a02d-c1c81e3148db";"c4e32843-2421-11e7-a02d-c1c81e3148db"
